0 -1.0
2 0.019932795
3 0.019932795
6 0.019932795
7 0.019932795
8 0.03269266
5 0.03274333
9 0.033033885
11 0.03655119
1 0.036801953
4 0.039011724
15 0.040036827
13 0.04582881
12 0.04792186
20 0.048887953
18 0.051981065
10 0.052264925
24 0.053633887
25 0.055292625
23 0.056341555
22 0.056366038
19 0.05760062
21 0.057629433
30 0.058655594
26 0.0588428
17 0.05928045
29 0.059404615
31 0.06065874
28 0.06261512
32 0.06409031
34 0.064906485
16 0.06567442
38 0.06833472
14 0.06865611
37 0.06991862
33 0.07029155
2571 0.07060832
27 0.07094628
2564 0.07184699
35 0.07225226
2557 0.07298215
40 0.07405433
2563 0.07410039
36 0.07418542
2551 0.077021174
43 0.07734563
2602 0.07783883
2578 0.07839211
42 0.07919047
2586 0.08252044
41 0.08346222
2610 0.085001975
2577 0.085849114
2616 0.08621286
44 0.08671141
39 0.08705729
2559 0.08842679
2552 0.08923308
52 0.09000876
2624 0.0905689
2537 0.09133835
48 0.09205884
45 0.09259865
2538 0.09261099
2583 0.093228586
53 0.0933581
50 0.09435183
2556 0.094769254
2540 0.094769284
2608 0.09583377
2546 0.09744482
2553 0.09829062
2535 0.098974146
54 0.09979565
49 0.10086985
2649 0.10102833
2582 0.10129498
2647 0.10157097
57 0.10194702
55 0.10220348
59 0.10227564
2580 0.10258581
2581 0.10261287
2570 0.10270549
62 0.102979116
60 0.103089795
2530 0.10366435
63 0.10422325
2526 0.10423946
2652 0.10435034
64 0.104432635
46 0.10544172
2596 0.10554325
51 0.10591222
2523 0.105984636
2642 0.106200874
2622 0.10656724
65 0.10667501
47 0.107123666
2547 0.10743783
2614 0.10751917
2525 0.10755999
2549 0.10826357
2524 0.10827036
67 0.10832217
56 0.109444946
68 0.10983945
66 0.11074767
2561 0.11086352
70 0.11125432
2654 0.111291274
61 0.112483606
2599 0.11264866
2584 0.1129268
58 0.1130223
71 0.11358188
2606 0.11397596
2575 0.11438583
69 0.114874944
72 0.11522395
2592 0.115253076
2604 0.115434445
2590 0.11583201
2607 0.11590093
2531 0.11648107
2603 0.117098555
2643 0.11713064
2639 0.11758846
2587 0.11849917
2623 0.11906652
2637 0.119473256
2594 0.11957952
2569 0.11972282
2534 0.12011514
2521 0.12017561
2597 0.120368145
2533 0.121108554
2548 0.12302062
73 0.123038724
2517 0.12330471
2528 0.12338046
2558 0.124321066
74 0.12560101
2565 0.12613456
2516 0.12624365
2634 0.12711665
2541 0.12728016
2615 0.12794393
2520 0.1284151
2650 0.13023452
2644 0.13088901
75 0.13103622
2648 0.13138437
2513 0.1314442
2593 0.13162036
2527 0.13228408
77 0.13275132
2612 0.13295063
2532 0.13302836
2655 0.133183
2518 0.13380212
2519 0.13393685
2529 0.13411584
2510 0.1344322
2536 0.13512476
2651 0.13528349
2522 0.13646798
2543 0.13688602
2658 0.13905717
2600 0.1395501
2641 0.14031
79 0.14081168
2601 0.14090034
2631 0.14117573
2508 0.14152107
76 0.14237756
2645 0.14286736
2509 0.14334138
81 0.14351106
2506 0.14366166
2515 0.14428073
2545 0.14456746
2598 0.14502685
2628 0.14566821
80 0.14575388
83 0.14707948
2669 0.14776467
82 0.14804673
2621 0.1482309
2566 0.14832099
2572 0.14875838
78 0.1488107
2591 0.14900501
2660 0.14971443
2511 0.1522134
2499 0.15272589
2620 0.15283364
2567 0.15349865
2504 0.15363465
2674 0.15403895
2676 0.15466015
2512 0.15467185
84 0.15663952
2661 0.15703617
2630 0.15763687
2618 0.15781467
2667 0.15806006
2501 0.1582924
2505 0.15859829
2629 0.15865016
85 0.15899323
2514 0.15904497
2555 0.15940736
2670 0.15943667
2632 0.15948395
86 0.15988627
2539 0.16033487
2542 0.16110864
2503 0.16114971
2646 0.16229278
2497 0.16233778
2626 0.16252942
2496 0.16325952
2500 0.16452967
2574 0.1647199
2635 0.16547455
2605 0.16567877
2665 0.1656884
2595 0.16688757
2588 0.1671014
2507 0.16712143
2573 0.16733776
2494 0.16736643
2544 0.16878542
2495 0.16899009
2493 0.1691827
2687 0.1702687
2633 0.17086129
2579 0.1709671
2611 0.17100355
2491 0.17142802
2562 0.17146169
2498 0.17208667
2554 0.17330858
2589 0.1734474
2640 0.1744981
2656 0.17483748
2653 0.17513607
2502 0.17557256
2550 0.17599814
2696 0.17625497
2492 0.17754014
2659 0.17756227
2560 0.18130967
2677 0.18248528
2638 0.18375148
2712 0.18396676
2613 0.18408184
2704 0.18477526
2609 0.18583307
2672 0.18596436
2585 0.18652175
2697 0.18693914
2713 0.18740787
2576 0.18819691
2484 0.18870619
2685 0.18886709
2636 0.19077323
2657 0.19153069
2699 0.19197388
2487 0.19240533
2568 0.19302289
2702 0.19337845
2703 0.19364136
2725 0.19407079
2617 0.19492975
2625 0.19514847
2488 0.19515195
2663 0.19537464
2481 0.19694
2764 0.19764309
2681 0.19769406
2668 0.19854252
2489 0.1987357
2765 0.20091721
2709 0.20097496
2486 0.20128027
2619 0.20140925
2478 0.20188697
2476 0.20225468
2490 0.20337084
2483 0.20338622
2480 0.2040085
2666 0.20423347
2767 0.2044247
2694 0.2045031
2682 0.20519464
2479 0.20519759
2474 0.2055755
2678 0.20654866
2627 0.20658708
2482 0.20748495
2675 0.20753007
2719 0.20779496
2485 0.2079666
2662 0.20806658
2680 0.20812622
2753 0.20841895
2774 0.20849915
2690 0.20876113
2763 0.20887496
2724 0.21122994
709 0.21144989
2756 0.21177246
2776 0.21204425
2664 0.21223238
2781 0.21251498
2695 0.21276179
2477 0.212954
2747 0.21319772
2778 0.21348238
2698 0.21370056
2475 0.21444435
2716 0.21459986
2780 0.21469484
705 0.21605209
2708 0.21623279
2785 0.21658655
2746 0.21712175
690 0.21741258
2705 0.21779749
2693 0.21824174
2471 0.21855326
2795 0.21889104
2749 0.21898238
2683 0.21902613
2754 0.21906832
2799 0.21910803
2798 0.21987328
2784 0.22002588
2782 0.22025745
2720 0.2206103
2737 0.22080418
2755 0.221318
2761 0.22158505
2473 0.22221076
2794 0.22250319
2805 0.22257642
704 0.2229135
2789 0.22315659
700 0.22326662
2732 0.22367954
2671 0.22371736
2736 0.22378872
2773 0.22393388
2467 0.22452511
2796 0.22464977
2470 0.2252175
2721 0.22534062
2472 0.22572242
2809 0.2258175
2797 0.22592743
2811 0.22634037
2673 0.2264053
2686 0.22778733
2814 0.22797072
2815 0.22798622
2734 0.22852156
2688 0.22863165
670 0.22889154
2463 0.22922781
2689 0.22983983
2817 0.2298833
672 0.23093687
2816 0.23121053
2691 0.23139378
2679 0.2317633
710 0.23203683
2722 0.23207371
2822 0.23223303
2729 0.23225781
2760 0.23232149
2462 0.23234174
2758 0.232803
2468 0.23292772
2464 0.23292999
2728 0.23309033
2745 0.23318571
2715 0.23324256
2469 0.23347634
2819 0.23411195
2771 0.23438351
2821 0.23438361
2466 0.23440905
2465 0.23464602
677 0.23590137
707 0.23651804
2706 0.23661138
699 0.23665446
661 0.23760067
708 0.2376706
2733 0.2379224
703 0.23897143
2743 0.23901959
674 0.23911095
2759 0.23925546
2456 0.23984276
2752 0.2399263
2775 0.2399441
2700 0.24037372
711 0.24047391
2829 0.24100012
2684 0.24101955
2460 0.24111179
2830 0.2411842
706 0.24143001
2727 0.24147964
2741 0.24213207
2832 0.24240164
2461 0.24277017
2770 0.24295205
2818 0.24295503
2711 0.24347743
2836 0.24402684
675 0.2441067
688 0.24413532
640 0.24430965
2692 0.24436627
2459 0.24441789
2717 0.24473658
694 0.24484971
2751 0.24503912
2766 0.24669363
2748 0.24704377
2457 0.24733078
2842 0.24751027
2845 0.24764517
2846 0.24768563
2458 0.24776538
2772 0.24801864
2802 0.24813092
2454 0.24833944
2718 0.24892679
2820 0.24919872
2739 0.24934652
2701 0.24951468
2786 0.25007012
680 0.25021148
686 0.25024515
2843 0.25090593
2738 0.25104633
681 0.2511646
693 0.25158724
2449 0.25168443
2450 0.2521873
2707 0.25284106
2856 0.253164
2710 0.2532192
671 0.25373143
702 0.25405803
633 0.2548683
2446 0.255133
2810 0.25520906
2762 0.25540006
650 0.25556517
2813 0.25610068
2723 0.25625235
2825 0.25663814
632 0.2568233
2443 0.25708354
2730 0.25714108
2841 0.2572907
2451 0.25770018
631 0.25807193
2452 0.25812656
2455 0.25825322
2453 0.2583353
2448 0.25836995
2735 0.2587682
2839 0.2587764
625 0.2590348
2744 0.25926962
701 0.25928485
2783 0.25957423
2445 0.25984395
2869 0.26043075
645 0.26055074
619 0.26060846
666 0.26083085
2870 0.26146838
2441 0.26150236
2790 0.26176047
2874 0.26181164
2439 0.2618873
2865 0.26251072
698 0.26270092
2862 0.26275346
2875 0.26294678
2447 0.26329625
684 0.26359347
646 0.26424065
2871 0.26487267
2731 0.26491264
615 0.26556015
2877 0.26557437
2750 0.26583868
2444 0.26603022
638 0.26626313
2793 0.2663315
2881 0.2664079
678 0.26653117
2438 0.26694447
649 0.26694575
2714 0.2681827
2883 0.26835242
2851 0.2686431
2742 0.268705
2886 0.26889294
2885 0.26899627
2437 0.26913807
2876 0.26944062
2823 0.26955518
697 0.26990208
2436 0.27126086
2442 0.27127752
2854 0.27180597
2791 0.2720149
641 0.2720478
2848 0.27320167
622 0.27373633
2440 0.27375457
687 0.2737664
2837 0.27397913
643 0.27492478
1454 0.2753533
2740 0.27587575
1476 0.27617377
1489 0.2762025
2726 0.2766878
2868 0.27677035
652 0.27697602
2788 0.278098
602 0.27819353
2897 0.2782241
665 0.27824682
612 0.27833208
614 0.27844775
2895 0.2785033
662 0.2787038
2896 0.2799051
616 0.27998698
2901 0.28033268
2900 0.28056055
2768 0.28118837
2890 0.28170827
2904 0.2818375
683 0.28190368
608 0.28202847
2777 0.28251302
611 0.28263247
667 0.28265396
2905 0.2827177
2835 0.28321373
691 0.28333303
627 0.28335744
2828 0.2833864
2435 0.28341073
603 0.2834263
2433 0.28406402
2807 0.28521806
2909 0.28528705
2426 0.28544036
2427 0.28559753
2429 0.28564903
2430 0.28580806
2425 0.2858627
1492 0.28623948
1486 0.28624412
2432 0.2864688
618 0.2865422
630 0.2869398
2431 0.2869988
2893 0.28728712
696 0.2876488
2863 0.2876722
2434 0.28776717
610 0.28856438
2792 0.2885894
1450 0.28867915
629 0.2887095
2913 0.28922677
668 0.28929782
2423 0.28970957
1472 0.29000556
2757 0.29002774
2849 0.2900441
2804 0.29028106
2424 0.2904137
2907 0.2908005
2911 0.2911879
689 0.2912988
2899 0.29160702
664 0.2917408
2919 0.29187462
1522 0.29194307
2887 0.29201302
2918 0.29233667
606 0.29252595
2855 0.29254895
607 0.29287347
2422 0.29289812
657 0.2932444
598 0.29326215
695 0.29353386
1398 0.29426005
2428 0.29432246
637 0.2943496
2898 0.29454777
2924 0.29465258
2884 0.2949785
2859 0.29518604
605 0.29528832
2827 0.2961955
673 0.29645285
685 0.29656577
1510 0.29682332
2929 0.2968513
2787 0.29721984
2419 0.29723215
639 0.29769045
2928 0.29772332
2420 0.29797626
1438 0.29814717
655 0.2986366
1483 0.29893565
2933 0.29926074
2421 0.29941684
1531 0.29968578
692 0.2997061
597 0.29976857
2934 0.29998806
1479 0.30000433
1421 0.30025402
658 0.30028692
2921 0.30030596
1419 0.30109438
2418 0.30109742
1418 0.3012029
601 0.30132225
2916 0.3015756
600 0.30161393
2806 0.30171424
599 0.3020834
2847 0.3026796
595 0.30276835
1469 0.3030939
2915 0.30315936
2417 0.3032533
1498 0.30350494
1497 0.30361202
659 0.3036446
2800 0.30419016
2938 0.30455005
2860 0.3047254
679 0.30547306
2416 0.3058319
2947 0.30629274
1369 0.30638438
594 0.3063937
1471 0.3064272
1371 0.30685085
2834 0.3070709
1432 0.30731332
2415 0.30777648
1521 0.30793682
2917 0.30815315
2803 0.30816752
2949 0.30843413
676 0.308613
593 0.3087824
1502 0.30878714
1545 0.3091889
2864 0.30932403
2873 0.3093693
2414 0.30960932
2853 0.30982888
2927 0.31009227
1541 0.31009707
2824 0.31033018
2941 0.31034884
2413 0.31037205
660 0.31098056
2872 0.3115015
2412 0.31164032
591 0.3116779
2769 0.31182227
2953 0.31197333
596 0.31228644
2867 0.31241655
648 0.31299356
2844 0.31306347
654 0.31314328
1446 0.31341088
2801 0.3138264
2808 0.31408718
2950 0.3141628
2779 0.3144896
2879 0.31485993
1546 0.31505263
2852 0.31511435
1434 0.3159367
2891 0.3160622
2945 0.3163755
663 0.3165709
2959 0.31677118
2840 0.31678343
2408 0.31704968
2958 0.3171975
2894 0.31750605
2954 0.31791085
1480 0.31802398
2404 0.31821498
2962 0.31821707
2831 0.31947365
1441 0.31957316
682 0.32008094
2411 0.32008272
2964 0.3203975
2826 0.32049116
2405 0.32081106
2838 0.3208693
669 0.3214397
2410 0.3215848
1376 0.32166076
2409 0.32180896
2969 0.32189754
2971 0.32204834
2930 0.32210615
2402 0.32216433
2903 0.3221888
2908 0.3224168
590 0.32246396
2968 0.32287467
1555 0.32293352
2882 0.3230907
1431 0.32318372
1538 0.32345507
2850 0.32371134
2972 0.3237306
2956 0.32378405
2403 0.32380456
2974 0.32382962
626 0.32405958
2973 0.32418874
1565 0.32428846
588 0.3244738
620 0.32485947
2857 0.32496804
1436 0.32502374
592 0.32507196
2861 0.32527626
2858 0.32542586
2951 0.3254463
2406 0.32616904
2401 0.32649788
1399 0.32651374
2400 0.32654786
2920 0.3267445
2940 0.32681093
1554 0.32701832
2892 0.32703856
1519 0.32770023
1549 0.327892
1429 0.3278992
2912 0.32810038
2980 0.32822108
2407 0.32833868
2922 0.3283415
2906 0.3285042
1513 0.32882828
2923 0.32902113
2878 0.32969457
2937 0.3299821
651 0.33027732
2833 0.33051574
2952 0.33057624
635 0.33068705
1422 0.33073545
2812 0.331132
2395 0.33162344
2397 0.3317922
2989 0.33179924
634 0.3320778
2399 0.3324323
2944 0.33251214
1564 0.3327764
2398 0.333025
1474 0.33316594
2394 0.33330777
2978 0.33380008
1552 0.33388788
1516 0.33389607
2393 0.33411762
2396 0.3347668
587 0.33481556
1357 0.33497313
589 0.33501586
1460 0.33515593
1452 0.3352942
1405 0.33544475
1518 0.33565897
1520 0.33600786
1495 0.33663124
656 0.33673662
2925 0.3367383
609 0.33720022
2391 0.33729428
2977 0.33730575
2866 0.33739704
1426 0.33742502
2390 0.33747587
1503 0.33760595
647 0.33782628
1339 0.33801845
2880 0.33809587
2996 0.33817977
2392 0.33824754
1366 0.33929846
2997 0.33972663
1407 0.33980158
2984 0.34038618
1533 0.340448
1485 0.340645
1540 0.34095836
2979 0.34097415
1270 0.3419965
1530 0.34210116
623 0.34218293
2999 0.3422881
653 0.34235084
1562 0.34260038
2935 0.34274724
1535 0.3432304
2993 0.34329358
1528 0.3435837
1574 0.34373462
2990 0.34373873
1465 0.34375843
586 0.34437585
1548 0.34444907
2914 0.34466514
2991 0.34502608
2931 0.3453109
2986 0.34556806
2889 0.34564266
1442 0.34571874
3000 0.34633696
628 0.34659863
1475 0.34690952
1508 0.34694394
2988 0.34731498
2387 0.34741014
1563 0.34774092
1506 0.3481799
1586 0.348207
2970 0.34836808
2389 0.34850258
1560 0.34856775
3004 0.34880418
642 0.35000047
1428 0.35003775
2388 0.35019994
1534 0.35042432
1543 0.35054693
3001 0.35068595
2384 0.3510755
1290 0.35128483
1356 0.35128504
2386 0.35129085
1462 0.35172036
3009 0.35185415
3003 0.35185897
613 0.35200298
1509 0.3520925
584 0.3521889
644 0.352604
2888 0.35270065
617 0.35340807
2932 0.3535109
624 0.35351157
2983 0.3537385
582 0.3538522
2955 0.3539163
2385 0.3539837
604 0.35445687
1451 0.35475186
1417 0.35485733
2383 0.3550126
1267 0.35514
1312 0.35546562
583 0.35554302
2998 0.355698
1514 0.3560472
1455 0.35606757
2381 0.35618395
580 0.35624367
585 0.3563322
2380 0.35656697
2382 0.35748336
1448 0.35793498
2967 0.35812667
621 0.35829028
1569 0.35833812
3010 0.35937643
1575 0.35978037
2975 0.3604547
1316 0.36064142
1440 0.36067948
3007 0.36114532
2376 0.36116946
3017 0.3611996
1572 0.36153784
578 0.36175787
1527 0.36223936
3018 0.36233264
1601 0.36273888
3013 0.36280897
1611 0.36282745
2966 0.362956
2910 0.36304235
2992 0.3630884
581 0.36348698
2902 0.36349064
1580 0.36351153
2378 0.3635793
1400 0.36366656
2942 0.36378202
1359 0.3639261
2987 0.3640904
2375 0.3644884
636 0.36499622
2379 0.36517623
2985 0.36567008
3020 0.3657789
2936 0.36592758
1361 0.3662502
2946 0.36626494
579 0.3667206
2965 0.3667664
2995 0.36756316
1395 0.36815178
1360 0.36832502
574 0.36865702
2374 0.3690902
1537 0.36947495
2377 0.3697476
2943 0.37061286
2976 0.37071165
1372 0.3714347
1317 0.37153298
577 0.37161928
2373 0.37218788
1384 0.3722808
1584 0.37233767
2948 0.37250125
576 0.3725185
2370 0.37260625
2372 0.37287992
2368 0.37303767
1582 0.37328663
575 0.37356827
1396 0.3736565
1222 0.37436557
567 0.37497115
2371 0.3751298
2961 0.37546337
1318 0.37549606
563 0.37551793
570 0.37574804
3014 0.37614524
2369 0.3764757
2367 0.3764969
1547 0.3766671
1608 0.377243
1644 0.37748453
1324 0.37792704
2366 0.37831903
1408 0.37907016
573 0.37927324
1585 0.37954178
3005 0.37972623
1606 0.3797482
2939 0.379927
1349 0.38001493
511 0.38012853
1411 0.38031766
1581 0.38045233
572 0.3808815
1557 0.38113552
2926 0.38179058
510 0.3821414
2365 0.38228974
1415 0.38276353
1550 0.38281196
2364 0.3830298
1343 0.3833278
2363 0.38362405
1309 0.3836413
3011 0.383801
2362 0.38414368
2960 0.38450077
1610 0.38452056
560 0.38473877
568 0.38511077
3022 0.3855514
3021 0.3856898
562 0.3857807
3019 0.38612255
3008 0.3862831
504 0.3863843
1345 0.386677
2957 0.3868126
3025 0.38695127
1628 0.38704714
2963 0.38720462
1386 0.38790393
3006 0.38816926
564 0.38824975
1630 0.38848934
1635 0.38871717
561 0.38931453
1241 0.3895438
1633 0.3897789
2361 0.3898455
2982 0.3899276
2360 0.3900946
3027 0.39018917
1323 0.39068627
3023 0.39074928
3012 0.39085427
513 0.39131215
1187 0.3919971
1570 0.3922244
1602 0.39233464
1634 0.39239916
1327 0.39241496
3002 0.3924649
2359 0.3931378
1385 0.39331645
2981 0.3934244
3024 0.39425048
555 0.39443886
569 0.3945324
1322 0.39453933
565 0.39463228
2994 0.3947718
571 0.39522782
3028 0.39538187
1623 0.39679587
3015 0.3991922
1177 0.39920428
1367 0.39937136
1240 0.3996754
1377 0.39991778
1389 0.40000772
3026 0.40008536
512 0.40010786
2358 0.40040115
487 0.40176287
1375 0.40182924
3016 0.40226156
558 0.4027091
1229 0.40288892
2356 0.4041228
480 0.40437132
2357 0.40460002
1607 0.40517268
1659 0.40581408
1337 0.4061262
2353 0.40725487
3029 0.40734583
2354 0.4080474
506 0.40844935
566 0.408661
3030 0.40914616
2355 0.4097074
492 0.4100371
1658 0.41043368
2351 0.41057977
496 0.41064724
1646 0.41109285
2352 0.41171563
2349 0.4125218
1185 0.41299334
2350 0.4131841
1215 0.4132223
1571 0.41331413
552 0.4135261
559 0.4136115
1650 0.41414645
2348 0.41420886
501 0.41464812
1707 0.41516513
1664 0.41625965
507 0.41682273
550 0.4173472
1338 0.4184485
488 0.41915825
2347 0.41916224
509 0.4195262
502 0.4201047
1381 0.4202092
2344 0.42030573
556 0.42078817
2346 0.4208075
498 0.42106012
482 0.4213732
557 0.4216801
1643 0.4218499
1368 0.42207724
554 0.4221814
1254 0.4228542
2345 0.42316818
2342 0.42381698
2343 0.42458344
233 0.42474645
474 0.42509717
1347 0.42511582
493 0.4252688
508 0.4257658
473 0.42593434
1592 0.42593738
477 0.4275049
1244 0.4279461
2340 0.42890644
1596 0.42927185
2338 0.4295491
499 0.4295917
2341 0.42974308
471 0.43044913
2337 0.4305182
1227 0.4308539
1593 0.43115765
505 0.4313947
234 0.43152183
1678 0.43185696
223 0.43204185
479 0.43213248
1325 0.43216026
1676 0.4322144
239 0.43226126
2339 0.4323306
251 0.4331044
470 0.43416154
553 0.43454698
497 0.43456605
1081 0.43470722
238 0.4347663
217 0.4350098
503 0.43510982
1591 0.43521068
2336 0.4358156
1612 0.43591353
2335 0.43592873
222 0.4372772
1077 0.4374965
484 0.43782562
1294 0.437879
1689 0.4379015
260 0.4380115
2333 0.43858984
1353 0.4386416
548 0.4387524
547 0.43881515
1647 0.43939745
1701 0.43950978
539 0.43974203
1149 0.4397864
466 0.43984845
543 0.43988413
2334 0.44012007
551 0.4406949
549 0.4407193
253 0.44071946
1629 0.44080174
1777 0.44081372
1121 0.44096226
489 0.44097555
1662 0.44123387
2332 0.44141316
232 0.44149452
1219 0.4425466
1141 0.44267067
541 0.44280383
1182 0.4433552
546 0.44362864
1132 0.44413167
467 0.4444267
1197 0.44479913
2331 0.4450512
1234 0.44549686
494 0.44585478
490 0.44593006
278 0.44691774
540 0.44709727
463 0.44721082
495 0.44781315
1745 0.44835663
214 0.44890308
472 0.4491165
1617 0.44937345
1167 0.44964287
1711 0.4497411
241 0.45068413
2329 0.4506929
213 0.4509072
2330 0.4510891
491 0.4511449
1266 0.45123643
465 0.45136127
1346 0.45141497
469 0.45164156
481 0.4520294
500 0.4524379
544 0.45250663
1137 0.4531953
1638 0.4534528
1265 0.4536024
1618 0.4538376
268 0.45409957
231 0.45410183
282 0.45443225
483 0.4548588
529 0.45486763
1168 0.45527303
1134 0.4553122
1351 0.45542106
536 0.4555612
1616 0.45556423
279 0.4555869
2327 0.45587203
205 0.45611757
464 0.45633918
274 0.45650172
2328 0.45650712
486 0.45680687
1816 0.45694748
1789 0.45716158
1315 0.45725715
227 0.45733374
1126 0.4577088
542 0.45792526
1715 0.45794457
262 0.45840597
528 0.4586779
485 0.45905468
226 0.4590701
1207 0.45919707
1626 0.45970115
2326 0.4597023
221 0.45977867
527 0.46004808
252 0.46005428
1692 0.46089798
524 0.46109515
526 0.4618009
520 0.46200463
1138 0.46330622
1699 0.46331877
1719 0.4637559
475 0.4639764
522 0.46401498
1074 0.4642168
1728 0.46424246
1283 0.4643528
534 0.46438652
1661 0.46458697
1675 0.46459022
537 0.46594465
1183 0.46596003
1330 0.46617562
1695 0.46702355
545 0.46767136
2325 0.46784315
2324 0.46795958
1668 0.4681759
256 0.46824703
1216 0.46834162
460 0.46834818
224 0.468712
1189 0.46885854
204 0.46914628
1263 0.4695696
1161 0.4697202
451 0.4697865
235 0.46989927
1654 0.47004554
1194 0.47009516
1210 0.47121152
461 0.47144714
1188 0.47165406
1297 0.4719706
1140 0.4723497
215 0.4727649
273 0.47304982
533 0.47305802
2323 0.4734564
244 0.473514
459 0.4739532
236 0.47507414
2321 0.4752761
201 0.47536647
246 0.4753979
478 0.47589403
1681 0.4766487
200 0.4766944
1631 0.4768014
303 0.47680476
254 0.47808537
530 0.478092
468 0.47816324
2322 0.47856033
2320 0.478957
538 0.4791146
2319 0.48050314
525 0.4811212
209 0.48112622
531 0.48149413
532 0.4822261
207 0.48279238
206 0.48318008
476 0.4835269
240 0.48367468
518 0.4838346
1123 0.48395813
299 0.48398784
454 0.48400253
521 0.4842741
523 0.48469317
535 0.48473087
1097 0.48474982
230 0.48496926
1841 0.4852066
1807 0.4852907
272 0.4858325
1786 0.48623508
1800 0.48637262
292 0.48702505
266 0.487308
2318 0.4873246
297 0.48751393
517 0.4875298
247 0.48781884
229 0.48869836
202 0.4891427
1223 0.48938477
1246 0.48952037
283 0.4896796
519 0.489685
1253 0.4899044
444 0.49055192
1311 0.49064294
1111 0.49116606
462 0.4912
212 0.49125868
457 0.49127308
271 0.49148104
280 0.49149
1843 0.49157825
1667 0.4925069
1198 0.49295533
455 0.4929917
242 0.4930441
307 0.49315676
1135 0.49323305
296 0.49323764
515 0.49334997
1082 0.4937228
2316 0.49389482
257 0.4950526
304 0.4953308
1212 0.49579266
516 0.49584934
2315 0.49602494
211 0.49605304
1712 0.496302
285 0.49650282
293 0.49683172
2314 0.4969212
295 0.4970016
1248 0.49773902
219 0.4977677
2317 0.49806425
1846 0.4985932
203 0.49878323
1672 0.49894843
1861 0.49948865
2313 0.4995763
452 0.4997561
447 0.49981537
1094 0.50114965
456 0.5011768
225 0.50140524
269 0.5017512
210 0.5017893
458 0.501853
514 0.5020408
1273 0.5020794
2312 0.5023608
1108 0.5026463
1642 0.502672
2311 0.5029295
1791 0.50306934
453 0.5032024
1209 0.5033198
208 0.50346094
2309 0.50351256
245 0.5035382
2310 0.50448877
1328 0.505078
449 0.5052616
276 0.5055583
1776 0.50589263
286 0.50655323
237 0.506864
1674 0.5071354
2308 0.50728065
228 0.50734997
1862 0.50832593
281 0.508955
1178 0.509032
2307 0.50912535
1890 0.50990695
445 0.5100859
2306 0.5103122
436 0.51033914
220 0.5111479
450 0.51124644
1092 0.5120611
248 0.512404
2305 0.5124223
218 0.5129873
2304 0.51357955
1213 0.51407814
1301 0.5141663
263 0.51424485
1085 0.51428515
446 0.5156081
306 0.5157024
448 0.5158226
439 0.51666516
434 0.51675326
1873 0.5170744
2303 0.5178568
443 0.5178651
301 0.51790464
1184 0.5180408
442 0.5185573
435 0.51893985
1775 0.5204908
216 0.5205298
275 0.52101314
2302 0.52106786
437 0.52156556
1876 0.52160686
1698 0.5217361
249 0.522157
277 0.522387
1663 0.5230227
265 0.5236031
267 0.52410775
1725 0.5241687
2301 0.52419883
1165 0.52512926
1837 0.5253483
2300 0.52535635
2299 0.52568364
264 0.5257269
300 0.5257293
1226 0.5257427
1828 0.52579
308 0.5259777
2298 0.5261227
305 0.5278588
294 0.52801454
2296 0.52808267
250 0.52848923
1129 0.5288183
2297 0.5294072
290 0.5302775
440 0.53040785
411 0.5311506
433 0.5312435
259 0.53177565
1136 0.53182286
1259 0.53223705
414 0.53246695
243 0.53250146
2295 0.5325324
438 0.53253615
441 0.53279585
258 0.5331705
309 0.5338504
1233 0.5339239
298 0.5347042
1783 0.5349227
284 0.5350119
1724 0.53502643
428 0.535273
1858 0.53554523
2294 0.53572685
2293 0.5360085
1221 0.5373986
1101 0.5377159
289 0.5378078
302 0.53802836
287 0.53852785
1243 0.53901637
1250 0.5395029
431 0.5395685
291 0.5404586
261 0.5407272
270 0.54077876
1779 0.54101104
1289 0.54166853
430 0.54298156
426 0.54313916
427 0.54342335
2292 0.54350066
1258 0.5435743
409 0.54383904
406 0.5447307
288 0.5447575
410 0.5448715
1693 0.54570484
413 0.5467486
404 0.54679227
255 0.5469077
1191 0.5471853
396 0.54720086
1249 0.5472647
432 0.5478792
1127 0.5491514
397 0.5493186
1066 0.5496972
1835 0.5499333
2290 0.55018705
2291 0.55042017
1854 0.5504288
429 0.5505046
424 0.5508843
1680 0.55131614
2289 0.5517035
1885 0.5521202
387 0.5526182
393 0.55298525
1782 0.55307084
1916 0.553476
1877 0.5534919
1061 0.5539123
399 0.55482954
1272 0.55497795
388 0.5552743
1142 0.55745006
400 0.55816615
423 0.5583862
1070 0.55975884
1764 0.55998963
382 0.5600774
394 0.5600906
1169 0.5603986
421 0.5609417
1206 0.5610323
1750 0.5611113
1120 0.56150115
381 0.5617972
1865 0.5619973
405 0.5620734
1260 0.56211114
425 0.5626863
1922 0.5636308
1842 0.56425875
422 0.56562364
1020 0.5678311
1056 0.568304
1236 0.5684254
401 0.5694589
1038 0.57074755
1130 0.5707838
395 0.57136744
1801 0.5714025
420 0.5723332
1067 0.57273096
419 0.573176
1284 0.57337946
1004 0.57338005
375 0.573801
1819 0.5742837
1143 0.5747504
1727 0.5747563
1204 0.5748189
1044 0.57557094
1849 0.57578254
1033 0.576321
1734 0.57664484
1741 0.57792896
979 0.5782983
391 0.57855874
383 0.5785593
1087 0.5786863
1744 0.5786921
367 0.578866
1924 0.57888377
1731 0.5790675
1887 0.57947856
1729 0.5796309
1084 0.57993925
1018 0.5800245
1866 0.5800316
1190 0.5804318
1041 0.58043855
1907 0.58066386
1856 0.58078
1276 0.58183247
1722 0.58200634
416 0.5824461
1840 0.5825397
1247 0.5830141
418 0.5831088
390 0.58321273
379 0.5832142
982 0.5833029
1743 0.58333457
1831 0.58359724
1940 0.5840027
417 0.5841583
1155 0.5847752
1703 0.58498216
1030 0.5850629
1851 0.58634186
946 0.58640283
1933 0.58641493
1060 0.5866829
1884 0.58735514
386 0.587531
1918 0.58772033
1163 0.5878146
392 0.5878707
1113 0.58823854
1881 0.5882598
369 0.5890657
363 0.5895324
1109 0.58964807
365 0.5899685
352 0.59139067
376 0.59139085
385 0.5918224
384 0.59269166
1914 0.59308684
1718 0.5940555
864 0.5942963
879 0.594353
1271 0.5946819
370 0.59515595
1147 0.59532434
1173 0.59565467
398 0.5957027
1065 0.59625137
920 0.5979386
415 0.5980747
1107 0.5984711
361 0.5985843
412 0.5986751
1817 0.5988493
348 0.5994185
402 0.59943736
1001 0.59970003
1102 0.5997024
1925 0.5997042
354 0.600235
1825 0.6006708
345 0.60136145
1028 0.6017222
1125 0.60177094
362 0.6019097
1749 0.6021618
373 0.6027822
351 0.603021
407 0.6037626
824 0.60388964
1133 0.6041468
961 0.6042098
347 0.6054122
912 0.6056675
1152 0.60604364
911 0.60662067
962 0.606768
1058 0.6071279
1883 0.60741025
378 0.6075767
1769 0.6081247
1148 0.6082575
337 0.6085121
1780 0.6089084
408 0.60959744
1078 0.60964453
1936 0.6102878
353 0.6108648
403 0.61121386
774 0.61126477
377 0.61153466
972 0.6120325
340 0.6121166
1705 0.6125628
1166 0.6125944
389 0.6127708
1768 0.61315894
1792 0.6133481
1889 0.61381173
349 0.6146403
888 0.61534166
918 0.6156117
343 0.6160797
357 0.6166639
339 0.6168598
1787 0.6182114
1122 0.618409
1748 0.6186664
1069 0.61871123
1823 0.618827
364 0.61903757
1256 0.6191845
750 0.61928487
1295 0.62037355
329 0.6206068
327 0.6207406
980 0.6215316
1075 0.62155986
1232 0.6215635
1100 0.62160075
333 0.6218973
355 0.6229618
1869 0.62299395
1901 0.62327677
1953 0.62328386
1955 0.623377
1285 0.6234506
1735 0.6237058
744 0.6239979
1052 0.62426364
906 0.6246935
1945 0.62485564
1257 0.62501144
356 0.62527174
374 0.625792
1164 0.6259494
366 0.62614936
371 0.6267531
372 0.627143
359 0.6273195
1934 0.62776184
1203 0.62783265
1870 0.62792015
1104 0.6282123
1112 0.6287625
368 0.62885034
1796 0.62903416
892 0.62915736
1893 0.6298944
1255 0.6304018
346 0.63120437
360 0.6313768
1062 0.6314772
977 0.631901
1721 0.63210136
1761 0.6323686
1181 0.632458
1105 0.6324816
380 0.63273555
1951 0.63354397
334 0.63364744
1237 0.63390523
748 0.63397235
1809 0.6340473
882 0.63409245
890 0.63456315
1144 0.6347306
1193 0.6347694
1844 0.6348441
328 0.6349901
715 0.6353538
350 0.6357698
747 0.6362382
758 0.6363309
969 0.63635147
1220 0.6373562
967 0.63737047
344 0.6375511
1235 0.63759476
1054 0.637934
1083 0.63889265
1917 0.6391189
1815 0.6399772
322 0.6401
768 0.64031905
1202 0.64039683
325 0.64063245
1096 0.64073884
1201 0.64084923
1879 0.6409361
321 0.64100647
925 0.6414697
1781 0.64223206
778 0.6430927
880 0.643301
1055 0.643783
326 0.645289
338 0.6455091
1754 0.64618874
772 0.6471855
358 0.6472016
1790 0.64721084
1784 0.6473742
1286 0.6474751
1154 0.64750993
794 0.6480216
323 0.6485267
331 0.6489731
732 0.64917165
1931 0.6492443
1230 0.64995414
341 0.6505505
335 0.6505871
1829 0.6507754
913 0.65080255
948 0.6509426
736 0.6513967
1242 0.6518004
324 0.6524658
1932 0.6527628
1124 0.6530771
896 0.6531848
336 0.6534696
844 0.65361595
1196 0.6538641
342 0.65387076
788 0.65420043
1804 0.65454715
315 0.65537006
784 0.65663874
314 0.6566659
330 0.65741134
919 0.6576403
1850 0.6581981
875 0.65846354
742 0.65946966
1929 0.6598821
884 0.6600884
1071 0.6601353
1920 0.66045994
1072 0.66048086
1172 0.6606832
1941 0.6607562
777 0.66088897
861 0.660926
332 0.6615885
950 0.6621399
1943 0.6623626
1960 0.6626594
1006 0.6627062
831 0.6639434
1095 0.66458684
319 0.6647491
898 0.6649787
857 0.66519386
313 0.66543627
1274 0.6659045
1708 0.66639024
1009 0.6669854
1063 0.66796535
801 0.66797936
1076 0.6687031
1279 0.669612
320 0.66967964
1057 0.6701434
312 0.6704251
311 0.67051035
815 0.6706854
316 0.67086923
1296 0.6710343
318 0.6713564
1064 0.67158353
1110 0.6723692
834 0.67249656
1952 0.67274934
869 0.67295814
1915 0.67316645
2243 0.67336863
317 0.6755095
1031 0.67551225
1208 0.67569345
994 0.67633575
1886 0.6763515
1814 0.6767304
1747 0.67693603
1162 0.6771047
932 0.6784415
1716 0.6801066
942 0.6805024
1151 0.6821297
1751 0.683064
130 0.6830736
2204 0.68364006
1034 0.68372375
1839 0.6837642
998 0.6838019
310 0.68403083
2250 0.6841127
2270 0.6843715
1958 0.6846072
1778 0.6851445
1759 0.6854533
1059 0.686342
133 0.6872739
2226 0.68747205
2196 0.6878219
1261 0.6878468
1770 0.68803614
1303 0.6892442
766 0.6894522
2235 0.6898814
1305 0.69006336
146 0.6901038
1023 0.6901322
1098 0.69021416
1304 0.6912753
743 0.69149923
806 0.6920227
900 0.6922231
1228 0.69251335
782 0.6932921
866 0.6934591
2231 0.6936315
1956 0.6936369
1116 0.69404536
1118 0.69455475
144 0.69460493
1119 0.6948698
1288 0.6949128
134 0.6950198
126 0.6960282
1713 0.69618905
836 0.69725263
2130 0.69739884
1803 0.6974393
785 0.6976421
2156 0.69797605
100 0.6980354
1292 0.6986472
840 0.6988014
1214 0.69961226
798 0.69977474
2153 0.69982684
115 0.70004004
779 0.7003461
811 0.7004936
1813 0.7007067
156 0.7010515
965 0.70133173
120 0.70158374
1957 0.7015933
1280 0.7016668
173 0.70172405
141 0.7017264
944 0.7026485
1157 0.7035684
929 0.7035921
1068 0.70439684
129 0.7047642
856 0.7052844
2247 0.7054181
1239 0.70548993
826 0.7058111
1766 0.7058847
2150 0.7060326
1205 0.70611876
1942 0.7063523
1848 0.7064057
94 0.7065644
2233 0.70664746
951 0.7067379
1211 0.7071297
865 0.7072966
137 0.7074337
730 0.70775926
1192 0.7077784
2143 0.7085152
1758 0.7093409
1746 0.7096191
2215 0.7105825
2256 0.7105941
112 0.7108501
1307 0.71107733
2151 0.7113282
1875 0.7116918
1773 0.7117839
88 0.7118385
2076 0.7119895
1935 0.7120598
2164 0.7120809
1950 0.7123141
106 0.71255976
1275 0.71281326
161 0.7130306
1174 0.7132282
795 0.7133259
1088 0.7133858
2248 0.7134262
165 0.7135904
169 0.713656
160 0.71375644
1128 0.7138763
1845 0.71420836
1832 0.71429336
177 0.71464247
1262 0.71589255
149 0.71618706
1153 0.71709496
101 0.7176928
756 0.717862
150 0.7181558
1871 0.7185613
729 0.7187436
1927 0.7187595
2281 0.71901613
1826 0.719191
2163 0.7196877
116 0.71971333
148 0.7203217
1156 0.72035426
2155 0.7204632
2034 0.7212983
105 0.721515
1180 0.72172076
1029 0.7219585
99 0.72225136
737 0.72235715
188 0.7224694
2060 0.7226992
93 0.72299564
775 0.7231532
901 0.7232594
1099 0.72340065
2088 0.7238471
1277 0.7239353
804 0.72469646
954 0.7249347
2288 0.72506696
1902 0.7251437
162 0.7252557
190 0.72591513
816 0.7272484
1015 0.7274557
1739 0.72746825
125 0.7278565
2080 0.7280925
2170 0.7282098
754 0.72823274
168 0.72852117
89 0.72873324
1049 0.72884816
155 0.729028
1894 0.72927684
2123 0.729321
2178 0.7293794
121 0.72970337
2052 0.7298425
1947 0.72988427
1824 0.7299219
1093 0.72996193
109 0.730356
1802 0.73046315
2092 0.730676
197 0.7307232
1027 0.73072624
1798 0.7307584
2128 0.73105985
1859 0.7310878
186 0.7314696
1808 0.7315883
2030 0.7316795
2011 0.7317988
193 0.7321105
140 0.73227644
874 0.7322873
1909 0.7337147
158 0.7339703
1753 0.7340845
1281 0.7341668
2104 0.73438704
1103 0.73462355
175 0.73471147
923 0.7348241
142 0.7348431
981 0.73511136
2029 0.7351463
110 0.7351526
792 0.73586893
1989 0.7359326
131 0.73617005
1106 0.73661566
1073 0.7368522
2172 0.7368833
152 0.73760307
117 0.7377196
886 0.73784006
1899 0.7380434
1080 0.7381572
800 0.73857874
1900 0.73862153
1937 0.73886836
1864 0.7389775
1195 0.7390046
2145 0.7391972
138 0.73949915
1037 0.73982424
1794 0.73994523
1329 0.74007213
1795 0.74039316
1091 0.740594
1812 0.74088544
128 0.7409618
807 0.74109447
189 0.74127424
2222 0.7416079
1186 0.7417978
96 0.74195397
1993 0.7420328
734 0.7421989
153 0.74226546
2090 0.7422947
1086 0.74232596
2258 0.7425051
752 0.74256825
1720 0.74317
1218 0.7432026
1912 0.7433015
1045 0.7436542
124 0.744018
157 0.744086
97 0.7441004
143 0.7443685
167 0.7443699
2206 0.7444434
2284 0.7447443
1822 0.7450264
1348 0.74514
1827 0.7455473
2162 0.74610835
1954 0.7463999
2099 0.74660265
871 0.746932
119 0.7471948
851 0.74748945
178 0.74757844
958 0.74764955
87 0.74782854
2144 0.7479186
2158 0.7479521
91 0.7482499
114 0.74854565
739 0.7485523
90 0.74855417
2024 0.74882126
1293 0.7488592
192 0.7488612
2001 0.74897337
2113 0.74921
164 0.74930465
2251 0.7499454
783 0.7508269
1170 0.7509365
2040 0.7514141
761 0.75166273
95 0.75167567
838 0.75208026
964 0.7526567
2193 0.75267774
2194 0.75307256
1179 0.75316375
163 0.7531964
1959 0.7533338
104 0.75410825
2094 0.75435776
1772 0.7544376
1145 0.75496566
1872 0.7552886
1696 0.7555558
738 0.75555587
92 0.75563574
102 0.75564665
151 0.7557305
145 0.7557808
992 0.7558987
2165 0.75603294
199 0.7560413
1344 0.7567664
2208 0.7569911
1146 0.7570401
1946 0.75720006
2221 0.75742656
2126 0.75760907
749 0.75793785
1314 0.75803643
934 0.75808555
1967 0.75841445
2161 0.7587414
1948 0.7587618
1709 0.7590142
187 0.7591552
1905 0.75928646
975 0.7594631
2055 0.759503
1252 0.7598367
184 0.7599989
2141 0.76000535
1090 0.7603236
179 0.76079255
2071 0.7609355
111 0.761693
793 0.7620088
1225 0.7620452
817 0.7621018
841 0.7624536
1938 0.7627005
978 0.7629392
1736 0.7630846
1998 0.76314855
2254 0.7632418
2186 0.7636438
991 0.7638772
2174 0.7640222
1287 0.76432073
1245 0.76435316
2062 0.7643612
194 0.7645978
1686 0.7647278
1231 0.7651096
196 0.76543826
1732 0.7655814
1321 0.7656669
2262 0.7658813
987 0.76625645
1833 0.7667194
1906 0.7678079
132 0.7683487
1878 0.76873744
1868 0.7689124
108 0.7689404
191 0.76903695
1793 0.7691307
195 0.7692352
1852 0.7692902
1079 0.76960284
170 0.7697285
1131 0.7703263
959 0.7706784
1949 0.7709498
1891 0.77118737
1981 0.77119255
1911 0.77149165
1171 0.77175885
166 0.7718503
1019 0.77187246
182 0.7719569
1278 0.77307254
1904 0.7732017
174 0.7738655
1089 0.77390414
2240 0.77418405
1291 0.7742492
933 0.7748557
2044 0.7750474
1268 0.775387
2089 0.7755958
970 0.7756723
171 0.77579576
986 0.7758378
1150 0.7759075
1008 0.77598137
1024 0.7760386
839 0.7762511
797 0.77630746
907 0.776726
1690 0.77705944
198 0.7775478
1697 0.7777349
721 0.7777957
1763 0.7782784
139 0.77828395
176 0.7783641
820 0.77861905
1921 0.77862173
872 0.77864486
1299 0.7786709
1335 0.7787145
1892 0.778931
735 0.7790032
2245 0.77980256
1910 0.7799092
1860 0.78018254
180 0.7802837
1999 0.78045887
127 0.7806399
2192 0.7806467
103 0.78065825
724 0.7809194
2252 0.78093636
787 0.78128517
98 0.78153783
1774 0.78176236
2205 0.7820711
1977 0.78212774
853 0.7825332
181 0.78297716
1334 0.7830218
136 0.7841726
147 0.7842717
2278 0.78450215
107 0.7848226
2201 0.78496003
1992 0.78535503
1115 0.7853721
1944 0.78548855
2203 0.7855568
2211 0.78563637
1016 0.78572774
2265 0.7859242
1671 0.7859303
937 0.78601587
183 0.78602755
1326 0.78606004
1738 0.7863138
185 0.7863522
1114 0.78636205
123 0.786612
1159 0.7866442
122 0.78701776
2224 0.7875866
2152 0.7875945
118 0.7876391
867 0.7881095
172 0.7881929
2185 0.78833103
764 0.7885021
1939 0.78901744
720 0.78918844
2008 0.7895707
1985 0.7895775
868 0.7898404
1908 0.79026103
760 0.790306
1331 0.7909891
878 0.7911695
113 0.7912355
2079 0.79197615
2285 0.79235876
1788 0.7924375
999 0.7928848
2175 0.793141
1341 0.7942402
814 0.79446465
159 0.79453504
910 0.7954024
1857 0.7956458
927 0.79593915
796 0.79622704
154 0.7964109
726 0.79646474
850 0.7968622
1139 0.7968648
2244 0.79691654
135 0.79713285
1820 0.79715097
863 0.7974896
2049 0.79810035
1373 0.7982094
1913 0.79844016
2073 0.7989073
1930 0.7993691
873 0.7995083
993 0.8003126
1048 0.8004204
2057 0.80099744
808 0.80149645
1923 0.8015507
2033 0.80263996
2063 0.8028735
1896 0.80358356
1158 0.8039188
1974 0.8044319
1117 0.80443895
922 0.8045921
2160 0.8047254
1200 0.80623025
1897 0.8062756
855 0.80693334
1199 0.80744785
770 0.80746424
1700 0.80849886
852 0.8088408
1657 0.80919385
1251 0.8094447
1767 0.80976766
893 0.8098378
966 0.80987185
1014 0.80987626
2097 0.8100181
2032 0.8107634
1340 0.8108725
1962 0.81087536
1805 0.8115204
1926 0.8125658
2180 0.812571
1928 0.8127257
1752 0.8127355
2184 0.8128288
1224 0.81295204
1358 0.8131119
2146 0.81311554
1003 0.81324375
1988 0.8133206
2110 0.8135932
2238 0.81375146
1762 0.8138518
1374 0.8140846
843 0.8142336
1847 0.81424016
1176 0.8143165
2091 0.8143883
746 0.8149386
2280 0.81494176
1264 0.81582123
1298 0.81620044
2234 0.8163929
1976 0.8175212
1355 0.8185849
1757 0.8193638
1217 0.8199395
2277 0.8199502
1320 0.8206184
1160 0.8206899
1002 0.82091945
1717 0.82103086
805 0.8211544
2198 0.8220764
1855 0.8229614
723 0.8229735
1175 0.8235965
1737 0.82414573
1895 0.82431304
1354 0.82451195
1025 0.8248455
1238 0.8249882
1806 0.8255902
1982 0.82579863
1047 0.82581383
2121 0.8259127
810 0.826813
1363 0.82698256
1723 0.8271874
771 0.82741666
2242 0.8274203
862 0.82747674
819 0.8278297
2138 0.82798135
887 0.8283865
997 0.82910097
2182 0.8291114
953 0.8293181
1669 0.829446
781 0.8296877
830 0.829983
2112 0.8303389
1319 0.8315601
1733 0.8315664
1685 0.831726
1706 0.831727
1919 0.8324225
2072 0.8327386
1874 0.83286554
1677 0.8329357
1342 0.83329225
1810 0.83354133
1838 0.8336225
1656 0.8339041
2122 0.833908
1392 0.83409166
1704 0.8341628
858 0.8347197
1310 0.83479893
2228 0.834994
1986 0.8353323
1682 0.83573645
1302 0.83606607
989 0.83611995
1665 0.8367286
1903 0.8380304
973 0.838571
2039 0.83866364
829 0.838681
1370 0.83885896
2070 0.8391579
1888 0.83934474
2260 0.839399
1666 0.8396645
789 0.8397958
2116 0.8402011
1688 0.8407381
930 0.84130144
1968 0.8413977
1679 0.84165573
825 0.8419155
2225 0.84209365
1393 0.8427152
1821 0.842784
1621 0.8442815
1880 0.8458572
921 0.8459411
763 0.84609604
2168 0.8463121
1410 0.846675
1963 0.8469645
1308 0.84745705
1867 0.8478059
1625 0.8483774
1599 0.8494031
2081 0.84957427
1387 0.84982795
1598 0.8502486
2010 0.8504517
1836 0.85143733
1771 0.85321885
2015 0.8532542
1007 0.8538029
1799 0.8539807
1383 0.85417485
924 0.8547438
1655 0.8548004
1973 0.8557823
1600 0.85609275
1898 0.85705143
1433 0.8578017
717 0.8583164
1589 0.85925686
719 0.859492
1333 0.8595151
928 0.8600871
1269 0.8603814
846 0.8604374
1830 0.8606712
1624 0.86079836
2006 0.8609434
939 0.8610882
2137 0.8613031
1785 0.86184734
1645 0.86201334
2041 0.8624986
767 0.8625677
996 0.8625721
2148 0.86268336
1834 0.86302173
955 0.8633255
835 0.8633837
2188 0.86389047
2149 0.8639304
2287 0.8640574
1961 0.86459863
1640 0.86487526
957 0.866
1017 0.8667753
1710 0.8668524
1587 0.8668541
2249 0.8671446
1300 0.86819094
1365 0.8686235
2200 0.8690185
2275 0.8697028
1996 0.86990476
1391 0.8699351
2025 0.8702282
848 0.870437
2167 0.8704792
1726 0.8705482
1653 0.8712671
2207 0.87146103
1818 0.87178695
1394 0.8718446
2132 0.8722784
2202 0.872328
1797 0.8724594
956 0.87265486
753 0.8731015
1863 0.87332404
902 0.8733282
2286 0.873459
2136 0.8739084
1590 0.8739446
1648 0.87400323
1641 0.8746359
988 0.8746701
803 0.874954
2272 0.8749772
2218 0.87509406
952 0.87538755
837 0.8759286
2046 0.87644005
1556 0.8766096
983 0.87694526
1740 0.8770862
1882 0.8776613
1765 0.8777826
2214 0.8778849
1306 0.87790346
1567 0.87803537
1313 0.8782379
1730 0.8786345
2187 0.8786969
2054 0.8789165
2093 0.87897944
2129 0.87909013
1430 0.8793156
727 0.8793572
936 0.8793798
2199 0.8801254
1673 0.8801276
1402 0.8809811
1853 0.8816601
2036 0.8817085
1622 0.8819993
904 0.88209414
822 0.88233745
2283 0.88267106
1414 0.88283247
1042 0.88298446
2106 0.88315445
1352 0.88319904
2134 0.88349897
935 0.8839224
2058 0.88394755
1576 0.884431
1332 0.88450503
917 0.8847328
1994 0.88486964
1364 0.8852796
903 0.88545334
1458 0.88569856
1683 0.8857559
769 0.8858571
1615 0.8860854
1613 0.8864515
1649 0.8870706
2078 0.88717264
2068 0.8876658
1965 0.88776946
1639 0.8877745
915 0.8881081
1409 0.88817674
1756 0.88833284
1604 0.88872725
1282 0.88877
1439 0.88890636
1378 0.8891244
1588 0.8892689
945 0.88950497
1702 0.8895265
1362 0.88974535
802 0.8902568
1406 0.8904195
1579 0.8910275
2266 0.89125234
1539 0.892247
870 0.8926368
776 0.89271235
2118 0.8929446
1412 0.89368224
2179 0.89482546
1811 0.8949664
1553 0.8949907
1453 0.89527
1005 0.8955024
1456 0.8959101
1609 0.8966596
2107 0.8968675
2009 0.89711136
1336 0.89779884
1413 0.89804316
1632 0.8981765
1461 0.8984133
1404 0.8985768
1614 0.89883655
1420 0.89899975
757 0.8991879
1636 0.89934987
1523 0.89964694
1755 0.9002348
1380 0.9003905
1437 0.90106106
821 0.90185785
854 0.90225416
713 0.9022758
2051 0.90244275
2005 0.902704
1714 0.903275
2154 0.9037516
1558 0.90474844
1760 0.90487593
1595 0.9051562
1660 0.9052017
1466 0.9052228
1401 0.90527207
1670 0.90527743
2133 0.90529686
1473 0.9058542
1459 0.90585595
1504 0.9065164
2229 0.906517
926 0.90730715
949 0.90827113
1403 0.9084422
1687 0.9085557
1691 0.90863526
827 0.9091611
889 0.90930337
1561 0.90931123
976 0.9094942
2220 0.9095528
2157 0.9101452
1382 0.9107464
1350 0.9107918
877 0.9110281
1566 0.9110771
762 0.91131496
1496 0.91179734
1594 0.91204333
2264 0.91253996
845 0.9125658
2135 0.9126064
1517 0.9126966
2259 0.91281545
2124 0.9131589
1742 0.9132949
1684 0.9134379
894 0.9134898
818 0.9140823
2246 0.9143327
2002 0.9144522
1488 0.9147148
859 0.91579247
1464 0.9165843
995 0.9167965
1021 0.9168166
940 0.9172063
1449 0.91726285
740 0.9172748
1491 0.9177975
1416 0.91800916
1573 0.9180103
1507 0.91871774
916 0.9188119
1627 0.9188178
2014 0.9191284
2271 0.91996175
1457 0.9203587
2237 0.92058074
847 0.92072326
2115 0.9209152
1397 0.9210603
2101 0.9212795
1444 0.9217954
1525 0.921856
1477 0.92189157
1597 0.92224336
2022 0.9222694
1425 0.9225332
2190 0.92268854
2108 0.9235846
1379 0.92362976
1583 0.92369777
2096 0.92376626
1467 0.9244538
712 0.9244681
849 0.9244898
1694 0.9245967
2012 0.9250921
2169 0.92550224
990 0.92568886
960 0.92572856
2075 0.92596406
1026 0.9260794
725 0.92619926
1012 0.9268013
1468 0.9270266
1652 0.9275554
885 0.927726
1512 0.92829716
1551 0.9286583
1987 0.92870325
2269 0.92901033
938 0.92921054
1529 0.9298856
1390 0.93023556
947 0.93084794
860 0.9313217
833 0.9316059
2035 0.9318902
2004 0.93194354
1445 0.93244535
2195 0.93297595
1515 0.93325
1637 0.93353045
1463 0.9337769
1578 0.9346271
2147 0.93574303
2253 0.9358378
2255 0.9358651
1991 0.93612057
1511 0.93690574
1443 0.9371584
828 0.93767816
881 0.9380108
1470 0.938248
2103 0.9382924
1487 0.9387808
2077 0.93881226
1542 0.9393176
971 0.93960667
883 0.9397187
2282 0.9406047
759 0.9407333
1388 0.94130623
2131 0.94173396
1605 0.9418954
1013 0.94191235
1039 0.94199103
1423 0.9423771
1478 0.9428623
1536 0.9432079
1424 0.9432641
1499 0.9436439
2082 0.94368166
1427 0.94369
1620 0.94504064
832 0.94545126
1435 0.94559646
1603 0.945841
1526 0.9459004
1447 0.94799155
755 0.9487539
1482 0.9489961
1577 0.94906867
2212 0.95006454
1568 0.95048285
1997 0.95074743
2013 0.95090806
905 0.95102066
1619 0.9514736
1493 0.9516209
2003 0.95207906
2191 0.9521352
714 0.95233524
1651 0.95237404
1032 0.95286703
1050 0.9531382
1036 0.9538959
1969 0.95430344
786 0.954354
741 0.9545502
2142 0.95455676
1494 0.95476514
1532 0.9552254
2217 0.9552393
1501 0.9553251
2236 0.9558098
813 0.9570833
963 0.9577841
791 0.95857346
1484 0.95943713
2241 0.9594801
1010 0.9595904
2227 0.95969355
1500 0.9598609
2085 0.95991075
1524 0.9603029
745 0.9607521
1559 0.9620891
773 0.9625578
2166 0.9626763
799 0.96319395
1964 0.963284
1053 0.96376246
1505 0.96399474
2042 0.96479464
1490 0.9652533
1990 0.9653204
765 0.9655717
1481 0.96595407
716 0.96608955
985 0.9663833
2074 0.96709025
1544 0.96734524
1051 0.9677532
2223 0.96794844
974 0.96849966
1046 0.96877724
1970 0.96924645
909 0.96979386
2050 0.96990496
1000 0.97039694
2098 0.9710585
2065 0.9711452
914 0.97248155
1040 0.9726302
1975 0.9739481
2105 0.97413504
1043 0.97418064
1980 0.9743592
731 0.97478366
908 0.9766916
2067 0.97720945
2117 0.9778676
943 0.9784304
1972 0.9785492
1011 0.97944146
1022 0.9797889
718 0.97996175
2181 0.9802558
722 0.980851
2102 0.9814838
2239 0.9821221
2189 0.98243815
2127 0.98260725
733 0.98318195
2017 0.98334855
2261 0.9837461
812 0.9844659
984 0.9857579
2139 0.9858033
790 0.9859457
1035 0.98628587
891 0.98633087
899 0.9870795
941 0.9875305
2197 0.9887887
2140 0.9892245
2213 0.9900329
931 0.99087304
2069 0.9914985
2045 0.9940969
2048 0.9942128
968 0.99687773
728 0.99708027
2279 0.9975056
2267 0.99931
876 0.99936503
897 1.0007485
2183 1.0007563
2216 1.0013186
751 1.0017023
895 1.0017176
780 1.0040414
2209 1.0042338
2066 1.0042441
823 1.0045476
1979 1.0056754
2109 1.0058286
2119 1.0058395
2084 1.0058614
2061 1.0074147
2125 1.0083275
809 1.0092382
842 1.0096787
2095 1.0134444
2276 1.0146767
2100 1.0155631
1983 1.015672
2263 1.0186429
2018 1.0190928
2114 1.020372
2047 1.0211124
2268 1.025119
2020 1.0285522
2023 1.0294434
2273 1.0296882
2232 1.030075
2173 1.0313762
2219 1.0327507
2230 1.0334576
2028 1.0342813
2087 1.0363168
2037 1.039489
2000 1.0408843
2027 1.0416242
2210 1.0423912
2083 1.0437256
2043 1.0438304
2159 1.0468712
2274 1.047049
2016 1.0479461
2171 1.0480981
2086 1.0492647
2177 1.0500357
1971 1.0518993
1995 1.0547162
2257 1.0563196
2064 1.0569578
1966 1.0612496
2007 1.0630991
2111 1.0639
2176 1.0654448
2031 1.0661259
2120 1.0691078
2059 1.0694335
2056 1.0706844
2019 1.0746734
2053 1.0764596
1978 1.0779449
2021 1.0804679
2038 1.0813185
2026 1.0889394
1984 1.0903257
