0 3.4028235E38
1 0.01261734
2 0.01261734
3 0.01261734
4 0.013409865
5 0.012340357
6 0.013409865
7 0.015348259
8 0.011396246
9 0.008608983
10 0.007825349
11 0.011881416
12 0.00895821
13 0.051239755
14 0.014621653
15 0.023446817
16 0.014621653
17 0.015264422
18 0.012206689
19 0.013001608
20 0.013121615
21 0.019064689
22 0.01809084
23 0.0075054895
24 0.004073247
25 0.009638226
26 0.0033588458
27 0.014831151
28 0.015329442
29 0.013121615
30 0.004308984
31 0.014831151
32 0.011686441
33 0.004308984
34 0.008845627
35 0.0039277663
36 0.005962205
37 0.011701463
38 0.015214705
39 0.010424063
40 0.021860419
41 0.009552934
42 0.014635102
43 0.007082901
44 0.009552934
45 0.010424063
46 0.007082901
47 0.013584812
48 0.007082901
49 0.022058861
50 0.009569076
51 0.013374601
52 0.011873408
53 0.012380248
54 0.012788385
55 0.008532375
56 0.0075771594
57 0.0097225
58 0.013576952
59 0.0075771594
60 0.036378898
61 0.014942109
62 0.019352838
63 0.015769105
64 0.013576952
65 0.019352838
66 0.012693884
67 0.014942109
68 0.009451701
69 0.016759086
70 0.00645553
71 0.0130345095
72 0.0075642075
73 0.017964069
74 0.0038151238
75 0.014094831
76 0.007406186
77 0.007406186
78 0.012562297
79 0.010220967
80 0.00927901
81 0.013901907
82 0.012551214
83 0.01905936
84 0.01201713
85 0.008783141
86 0.00760165
87 0.017964069
88 0.00760165
89 0.009384012
90 0.009384012
91 0.018411364
92 0.008239272
93 0.0064653726
94 0.015475503
95 0.011448069
96 0.009384012
97 0.0091558825
98 0.0097421855
99 0.0077159004
100 0.0055711432
101 0.0027821558
102 0.006453948
103 0.011854258
104 0.0023393473
105 0.00985564
106 0.0153238615
107 0.0063386746
108 0.014905344
109 0.012745154
110 0.016372824
111 0.0087403385
112 0.0063386746
113 0.0085354075
114 0.0062412033
115 0.008364375
116 0.019314907
117 0.010476893
118 0.0055691353
119 0.013069524
120 0.0062412033
121 0.011142448
122 0.0153238615
123 0.010972271
124 0.0037630182
125 0.00947192
126 0.0037630182
127 0.00947192
128 0.02021442
129 0.0049439417
130 0.02021442
131 0.014049268
132 0.013440083
133 0.0060714195
134 0.037159752
135 0.011090793
136 0.009265878
137 0.011864794
138 0.011997916
139 0.019433888
140 0.012834097
141 0.018112276
142 0.008031386
143 0.01707983
144 0.0077986927
145 0.011188922
146 0.010542972
147 0.008319331
148 0.014868475
149 0.008319331
150 0.054624755
151 0.012491729
152 0.008587265
153 0.007074068
154 0.0148030035
155 0.008133926
156 0.0116564855
157 0.008121644
158 0.0074875946
159 0.012753806
160 0.0103467405
161 0.010831287
162 0.01466772
163 0.0066420846
164 0.013981964
165 0.0067879274
166 0.013801111
167 0.005698042
168 0.011361736
169 0.016920943
170 0.012491729
171 0.013801111
172 0.0062814853
173 0.0116564855
174 0.012491729
175 0.008753894
176 0.015955009
177 0.007881477
178 0.02268786
179 0.015489411
180 0.011361736
181 0.011944186
182 0.0113374125
183 0.0151055865
184 0.01502435
185 0.007881477
186 0.007881477
187 0.013981964
188 0.010797997
189 0.016728617
190 0.015144465
191 0.012736911
192 0.008801289
193 0.0072236885
194 0.016550245
195 0.01089675
196 0.012013137
197 0.009223037
198 0.013564076
199 0.008607404
200 0.017823797
201 0.015881252
202 0.009677698
203 0.011204364
204 0.010934043
205 0.0123873
206 0.0057838904
207 0.0057838904
208 0.018088372
209 0.0057838904
210 0.0073088817
211 0.0045425897
212 0.0123873
213 0.0096861785
214 0.0122980345
215 0.012383929
216 0.0096861785
217 0.013564076
218 0.0061908783
219 0.014018616
220 0.011889324
221 0.009677698
222 0.006254759
223 0.013522859
224 0.011685879
225 0.009897397
226 0.0042256434
227 0.011694004
228 0.0061908783
229 0.011701667
230 0.011542756
231 0.01140027
232 0.007368022
233 0.005283579
234 0.005254649
235 0.012951477
236 0.0074388157
237 0.009293044
238 0.008497504
239 0.011286054
240 0.014289928
241 0.012951477
242 0.009754507
243 0.01202082
244 0.011287967
245 0.008800666
246 0.006621824
247 0.012159599
248 0.011622271
249 0.009700451
250 0.01202082
251 0.009085093
252 0.009754507
253 0.014289928
254 0.009222952
255 0.011815386
256 0.01011653
257 0.010395497
258 0.014238979
259 0.0065399734
260 0.01011653
261 0.008049232
262 0.0037384809
263 0.0099844765
264 0.010765023
265 0.0109775355
266 0.013672391
267 0.006243018
268 0.013031293
269 0.010101161
270 0.0099844765
271 0.008273673
272 0.011238368
273 0.01796323
274 0.007990615
275 0.013829804
276 0.009572127
277 0.0076112724
278 0.009572127
279 0.015216529
280 0.008172205
281 0.013672391
282 0.011238368
283 0.008548706
284 0.009758118
285 0.0097866915
286 0.010354469
287 0.008195061
288 0.011495228
289 0.009758118
290 0.012023427
291 0.008195061
292 0.008195061
293 0.011638779
294 0.015346059
295 0.010860671
296 0.011892228
297 0.012155524
298 0.006789681
299 0.015635528
300 0.012023427
301 0.008043825
302 0.015982881
303 0.013915978
304 0.008746562
305 0.012155524
306 0.007085264
307 0.011739255
308 0.015756112
309 0.0075415764
310 0.009221066
311 0.008155896
312 0.016943227
313 0.0134341065
314 0.0051915026
315 0.0077919653
316 0.0073364256
317 0.011042344
318 0.010061191
319 0.0073364256
320 0.011392523
321 0.006895944
322 0.014054385
323 0.00867301
324 0.024378944
325 0.010735313
326 0.00813796
327 0.014642921
328 0.00813796
329 0.007417392
330 0.008432176
331 0.0047292095
332 0.008432176
333 0.024339942
334 0.0127698155
335 0.007558108
336 0.02146866
337 0.011271148
338 0.006653102
339 0.006653102
340 0.02229107
341 0.0118008
342 0.009731948
343 0.011389399
344 0.010433223
345 0.008435205
346 0.008435205
347 0.011635979
348 0.027483998
349 0.010433223
350 0.00826568
351 0.023976887
352 0.011026592
353 0.015305411
354 0.0072781676
355 0.01032747
356 0.00785292
357 0.011601106
358 0.009645991
359 0.005900792
360 0.010209598
361 0.008633344
362 0.0125423465
363 0.006484651
364 0.017135732
365 0.007480957
366 0.014471109
367 0.016277952
368 0.007480957
369 0.009463495
370 0.014392002
371 0.007480957
372 0.0075802146
373 0.01790009
374 0.012006274
375 0.0063868016
376 0.009463495
377 0.012711069
378 0.012711069
379 0.02698552
380 0.010869107
381 0.007851833
382 0.011502847
383 0.017871775
384 0.005808719
385 0.010869107
386 0.008054629
387 0.010093669
388 0.010567075
389 0.005508353
390 0.01892904
391 0.015318233
392 0.012205785
393 0.006460517
394 0.01594415
395 0.008415136
396 0.015318233
397 0.02143166
398 0.027651103
399 0.016578866
400 0.0054021794
401 0.010574615
402 0.010574615
403 0.019531835
404 0.0054021794
405 0.010745353
406 0.01553531
407 0.01550289
408 0.010574615
409 0.017166324
410 0.012960126
411 0.013220829
412 0.011406166
413 0.011171003
414 0.013220829
415 0.015336772
416 0.011937749
417 0.010208823
418 0.011406166
419 0.010667777
420 0.008303129
421 0.008751531
422 0.018541131
423 0.012840647
424 0.01948814
425 0.012960126
426 0.0088760145
427 0.019224275
428 0.010727313
429 0.010613033
430 0.008751531
431 0.0123443995
432 0.012600372
433 0.010613033
434 0.012184804
435 0.008777393
436 0.004411757
437 0.004411757
438 0.010727313
439 0.015316356
440 0.010727313
441 0.011367805
442 0.011185651
443 0.014994675
444 0.009747679
445 0.009795972
446 0.0072566667
447 0.009747679
448 0.008194003
449 0.021882355
450 0.00969188
451 0.019532453
452 0.010109922
453 0.0080508
454 0.008775015
455 0.010363268
456 0.009795972
457 0.008194003
458 0.0072566667
459 0.008362036
460 0.018248169
461 0.0100872265
462 0.008362036
463 0.007081589
464 0.008775015
465 0.0058750706
466 0.0058750706
467 0.010395222
468 0.013248114
469 0.021788558
470 0.013716222
471 0.009681801
472 0.0073303813
473 0.0100872265
474 0.009293413
475 0.00769691
476 0.026351485
477 0.013190575
478 0.010965121
479 0.009633116
480 0.007805886
481 0.006566347
482 0.014053987
483 0.015828433
484 0.013722889
485 0.012220085
486 0.017854897
487 0.009633116
488 0.015260157
489 0.008938235
490 0.009633116
491 0.0055230656
492 0.008264373
493 0.012284792
494 0.013722889
495 0.011613073
496 0.012284792
497 0.012567116
498 0.01254151
499 0.009026248
500 0.00421716
501 0.0076506548
502 0.015260157
503 0.006150961
504 0.00421716
505 0.008195451
506 0.008244676
507 0.00839801
508 0.0042229635
509 0.01254151
510 0.008244676
511 0.014250275
512 0.0062369136
513 0.0140391905
514 0.012860061
515 0.0109127825
516 0.006670217
517 0.004639421
518 0.006150844
519 0.009747434
520 0.016140513
521 0.012989945
522 0.004630924
523 0.01706514
524 0.01553691
525 0.013203578
526 0.0060405894
527 0.0109127825
528 0.0052040624
529 0.012667399
530 0.010609327
531 0.0061936215
532 0.021466067
533 0.005178059
534 0.016140513
535 0.013203578
536 0.009230927
537 0.011522971
538 0.0109127825
539 0.017895518
540 0.013520095
541 0.010609327
542 0.010875219
543 0.0043490487
544 0.0088976035
545 0.009230927
546 0.012667399
547 0.017242413
548 0.003582601
549 0.010291195
550 0.0043490487
551 0.010291195
552 0.015775837
553 0.009275022
554 0.01553691
555 0.012596638
556 0.011821472
557 0.012001822
558 0.011425262
559 0.009373191
560 0.007246904
561 0.009357958
562 0.009275022
563 0.013076327
564 0.013076327
565 0.006830331
566 0.012710038
567 0.009330065
568 0.009164275
569 0.0066472176
570 0.009448556
571 0.010078004
572 0.010602986
573 0.010130423
574 0.010681974
575 0.010235444
576 0.008186231
577 0.007207862
578 0.015518425
579 0.007207862
580 0.0069623375
581 0.009696201
582 0.018190915
583 0.008332954
584 0.015229695
585 0.009973433
586 0.0069588483
587 0.0068615167
588 0.014655351
589 0.0116703445
590 0.0057686404
591 0.009663075
592 0.0057686404
593 0.012621768
594 0.015518425
595 0.006243628
596 0.012748455
597 0.007441603
598 0.010626654
599 0.005712788
600 0.005631118
601 0.0136628505
602 0.010626654
603 0.007441603
604 0.006518092
605 0.012482857
606 0.008497281
607 0.020806389
608 0.011555112
609 0.006678983
610 0.006678983
611 0.008625665
612 0.008540404
613 0.013558927
614 0.009647845
615 0.0059091346
616 0.010287672
617 0.011684839
618 0.013116674
619 0.010287672
620 0.00921959
621 0.012410385
622 0.008977342
623 0.012696708
624 0.008291671
625 0.008977342
626 0.025306337
627 0.0070522074
628 0.012953575
629 0.012410471
630 0.012696708
631 0.012410385
632 0.01507786
633 0.00972487
634 0.012496084
635 0.010334864
636 0.012216256
637 0.011020472
638 0.012929793
639 0.010334864
640 0.00834267
641 0.012677534
642 0.007971543
643 0.00834267
644 0.02027449
645 0.008518869
646 0.005261167
647 0.014197169
648 0.0042051417
649 0.0105544375
650 0.0076067983
651 0.011206738
652 0.0063124043
653 0.007994506
654 0.015433518
655 0.004347492
656 0.0131141655
657 0.009843282
658 0.007994506
659 0.0076063806
660 0.010142237
661 0.014881797
662 0.015537837
663 0.019525656
664 0.020388238
665 0.019407438
666 0.014007087
667 0.020407084
668 0.020407084
669 0.023645295
670 0.017696748
671 0.0125441635
672 0.0068432535
673 0.015502194
674 0.018876491
675 0.015502194
676 0.012641771
677 0.00955941
678 0.016758297
679 0.014766268
680 0.00955941
681 0.0077798064
682 0.009815434
683 0.007257653
684 0.013216782
685 0.007257653
686 0.009190723
687 0.007641719
688 0.012153496
689 0.014994229
690 0.007170618
691 0.008586672
692 0.007641719
693 0.015673712
694 0.0040732976
695 0.003644641
696 0.006387886
697 0.003644641
698 0.0074774697
699 0.012153496
700 0.004395964
701 0.011932305
702 0.010098867
703 0.006656467
704 0.013292084
705 0.007550131
706 0.007550131
707 0.006913002
708 0.010971112
709 0.0061058197
710 0.0075884555
711 0.0061058197
712 0.016041338
713 0.010542214
714 0.009856071
715 0.030461343
716 0.031830467
717 0.014982329
718 0.014561133
719 0.0038732258
720 0.0032368395
721 0.0038732258
722 0.027737513
723 0.014180496
724 0.003994952
725 0.02079534
726 0.010633129
727 0.010633129
728 0.0142764775
729 0.0068474114
730 0.0090541635
731 0.0090541635
732 0.017780662
733 0.022375949
734 0.008570552
735 0.015102524
736 0.022935
737 0.012513713
738 0.015917398
739 0.0058582807
740 0.0149350995
741 0.009512761
742 0.021603683
743 0.012407612
744 0.010055423
745 0.019627487
746 0.02480486
747 0.0092114
748 0.013462869
749 0.011090272
750 0.005151314
751 0.009082989
752 0.018943096
753 0.007381365
754 0.011160806
755 0.007826495
756 0.007548172
757 0.018320559
758 0.0072540925
759 0.0072540925
760 0.0062481444
761 0.010074009
762 0.018334946
763 0.006100474
764 0.0062225075
765 0.0072794743
766 0.015032271
767 0.009081359
768 0.0070735887
769 0.0077978577
770 0.006100474
771 0.004239778
772 0.0090345945
773 0.0090345945
774 0.013374994
775 0.019660465
776 0.015479022
777 0.015305069
778 0.0060300487
779 0.00358799
780 0.008562506
781 0.010604575
782 0.012596441
783 0.00980109
784 0.020800337
785 0.012918861
786 0.014661072
787 0.00835329
788 0.013374202
789 0.009208744
790 0.012918861
791 0.013374202
792 0.00980109
793 0.010604575
794 0.005048265
795 0.004852134
796 0.010803441
797 0.010747181
798 0.012311831
799 0.0068931477
800 0.0068931477
801 0.008978491
802 0.015757062
803 0.012918861
804 0.008903143
805 0.012802203
806 0.007470319
807 0.008859699
808 0.006954168
809 0.008978491
810 0.011949228
811 0.007257953
812 0.013498011
813 0.005730484
814 0.012181884
815 0.015207697
816 0.008666211
817 0.0052908473
818 0.0045905705
819 0.014663904
820 0.0057266764
821 0.01883776
822 0.01127496
823 0.012181884
824 0.005169873
825 0.015746992
826 0.030116735
827 0.0057266764
828 0.013079858
829 0.005169873
830 0.012004915
831 0.011016902
832 0.006002103
833 0.011957966
834 0.006416983
835 0.013718358
836 0.006002103
837 0.027713438
838 0.005932029
839 0.014663904
840 0.010024584
841 0.005149259
842 0.011957966
843 0.010024584
844 0.008848827
845 0.005149259
846 0.00931042
847 0.012748703
848 0.013718358
849 0.009163687
850 0.008854782
851 0.009129293
852 0.019251004
853 0.008848827
854 0.0128945755
855 0.008854782
856 0.01776262
857 0.011507263
858 0.018381817
859 0.0142041175
860 0.00959504
861 0.00606355
862 0.015800593
863 0.012395148
864 0.0044144015
865 0.0069892076
866 0.011320936
867 0.015678396
868 0.0044144015
869 0.0069892076
870 0.0126196295
871 0.006003323
872 0.00883102
873 0.006331012
874 0.011507263
875 0.006003323
876 0.024555517
877 0.012332826
878 0.01514189
879 0.0126178805
880 0.017426847
881 0.013025377
882 0.013201018
883 0.009374492
884 0.012751458
885 0.0126549015
886 0.009374492
887 0.012751458
888 0.010297273
889 0.0063699684
890 0.009689832
891 0.013642806
892 0.0174911
893 0.010076331
894 0.007913946
895 0.003746937
896 0.012328476
897 0.012751458
898 0.003746937
899 0.009087054
900 0.009087054
901 0.0066258158
902 0.003080628
903 0.004741919
904 0.007039656
905 0.004741919
906 0.01416752
907 0.024201155
908 0.015987257
909 0.0073606963
910 0.012329123
911 0.0073606963
912 0.010878026
913 0.016705643
914 0.01042684
915 0.009087054
916 0.008296431
917 0.0120183425
918 0.0120183425
919 0.012356741
920 0.0104014855
921 0.008256838
922 0.017038664
923 0.0061403355
924 0.0072839335
925 0.0104014855
926 0.0061403355
927 0.013242301
928 0.011157142
929 0.00788045
930 0.013242301
931 0.011157142
932 0.012682519
933 0.009691362
934 0.02048527
935 0.007656507
936 0.008430548
937 0.007263071
938 0.0045229816
939 0.010005276
940 0.008430548
941 0.013001399
942 0.008430548
943 0.009691362
944 0.020517921
945 0.012326157
946 0.012453635
947 0.009813768
948 0.012453635
949 0.012592552
950 0.009813768
951 0.0131273335
952 0.012326157
953 0.0132569885
954 0.009813768
955 0.004599289
956 0.0041132336
957 0.012453635
958 0.0199521
959 0.017989013
960 0.018554183
961 0.0095790075
962 0.006688792
963 0.011514195
964 0.0132569885
965 0.006688792
966 0.014152321
967 0.011701101
968 0.012243706
969 0.013407719
970 0.009579692
971 0.014591647
972 0.011535433
973 0.0145329805
974 0.015510244
975 0.008579739
976 0.006114592
977 0.0145329805
978 0.0188765
979 0.011535433
980 0.0058067185
981 0.010531322
982 0.010531322
983 0.011535433
984 0.012188264
985 0.007821757
986 0.005292794
987 0.012007556
988 0.0064124153
989 0.0036797014
990 0.0076628723
991 0.003930485
992 0.0076628723
993 0.0065441225
994 0.018120978
995 0.007785371
996 0.01734148
997 0.011687472
998 0.011549179
999 0.014884363
1000 3.4028235E38
1001 0.015837908
1002 0.012278479
1003 0.012278479
1004 0.015837908
1005 0.011226105
1006 0.017968373
1007 0.017968373
1008 0.011226105
1009 0.01081424
1010 0.028721347
1011 0.011365421
1012 0.008838565
1013 0.009474449
1014 0.004561976
1015 0.0060913553
1016 0.021854628
1017 0.008129679
1018 0.012161825
1019 0.013810832
1020 0.008129679
1021 0.031554066
1022 0.015541076
1023 0.015750926
1024 0.013810832
1025 0.00984942
1026 0.015805895
1027 0.015750926
1028 0.0148929395
1029 0.011486076
1030 0.015088192
1031 0.018181665
1032 0.009922865
1033 0.010662371
1034 0.007983487
1035 0.009021389
1036 0.007983487
1037 0.010662371
1038 0.011798898
1039 0.0072945496
1040 0.004495825
1041 0.015819727
1042 0.004495825
1043 0.01510733
1044 0.015819727
1045 0.009683642
1046 0.012997634
1047 0.0037919036
1048 0.010643132
1049 0.008035361
1050 0.0028530438
1051 0.0057159336
1052 0.003768881
1053 0.006125028
1054 0.01510733
1055 0.010271103
1056 0.019858668
1057 0.0072581354
1058 0.0071138274
1059 0.008069043
1060 0.013515612
1061 0.005088327
1062 0.019048547
1063 0.008162266
1064 0.014347137
1065 0.006964698
1066 0.008138789
1067 0.015105332
1068 0.008138789
1069 0.008162266
1070 0.019048547
1071 0.011671951
1072 0.013515612
1073 0.019858668
1074 0.023598034
1075 0.008508272
1076 0.013314721
1077 0.0045783874
1078 0.00845812
1079 0.009294183
1080 0.014583568
1081 0.0032286227
1082 0.009294183
1083 0.00838675
1084 0.010012207
1085 0.02090102
1086 0.014583568
1087 0.006015055
1088 0.012626248
1089 0.0111924
1090 0.017507948
1091 0.0129513275
1092 0.031184034
1093 0.0049741073
1094 0.010585517
1095 0.0139430305
1096 0.015621672
1097 0.012350331
1098 0.0040164106
1099 0.022458205
1100 0.011867323
1101 0.013680358
1102 0.016082508
1103 0.012626248
1104 0.00848372
1105 0.010585517
1106 0.0129513275
1107 0.0072362404
1108 0.016082508
1109 0.015780171
1110 0.011867323
1111 0.018761076
1112 0.011983431
1113 0.013812358
1114 0.011751229
1115 0.0110613685
1116 0.0056423587
1117 0.013812358
1118 0.008764245
1119 0.0067270193
1120 0.010454169
1121 0.009897933
1122 0.007542424
1123 0.010139482
1124 0.02080459
1125 0.0064785513
1126 0.0138131725
1127 0.013508016
1128 0.010454169
1129 0.014618729
1130 0.014618729
1131 0.009506825
1132 0.030011756
1133 0.011433319
1134 0.017526217
1135 0.008377049
1136 0.008377049
1137 0.011129314
1138 0.019561304
1139 0.020776747
1140 0.0126153175
1141 0.011208825
1142 0.00908303
1143 0.008253462
1144 0.010180048
1145 0.016185932
1146 0.008253462
1147 0.017526217
1148 0.01463376
1149 0.02030018
1150 0.012411936
1151 0.012034586
1152 0.011433319
1153 0.010148701
1154 0.00908303
1155 0.016341288
1156 0.00908303
1157 0.010282866
1158 0.017294794
1159 0.008573537
1160 0.011773728
1161 0.011824986
1162 0.017526217
1163 0.008573537
1164 0.017685711
1165 0.013912414
1166 0.00911403
1167 0.009370642
1168 0.008838196
1169 0.018155329
1170 0.009370642
1171 0.015859213
1172 0.014558813
1173 0.010594525
1174 0.010632331
1175 0.0067189173
1176 0.009293771
1177 0.008441503
1178 0.0071542314
1179 0.012794874
1180 0.0071542314
1181 0.011699481
1182 0.0067189173
1183 0.0071542314
1184 0.012810068
1185 0.009630259
1186 0.021491317
1187 0.017685208
1188 0.007981281
1189 0.014002524
1190 0.020108234
1191 0.009379679
1192 0.012003937
1193 0.007981281
1194 0.011085198
1195 0.008879981
1196 0.008879981
1197 0.012003937
1198 0.009893784
1199 0.011041073
1200 0.011285127
1201 0.009379679
1202 0.006233734
1203 0.01316629
1204 0.016732592
1205 0.0101631805
1206 0.011370628
1207 0.0083663985
1208 0.0062967115
1209 0.011285127
1210 0.021491317
1211 0.0056516705
1212 0.0039629447
1213 0.009349413
1214 0.003959956
1215 0.014194841
1216 0.013851644
1217 0.0035558976
1218 0.013257085
1219 0.009957076
1220 0.012918775
1221 0.012154574
1222 0.009674612
1223 0.010868333
1224 0.009957076
1225 0.0077416482
1226 0.008592634
1227 0.0076995995
1228 0.007037537
1229 0.006441408
1230 0.0063984725
1231 0.014431769
1232 0.012444555
1233 0.010338232
1234 0.012444555
1235 0.010338232
1236 0.0076995995
1237 0.013181406
1238 0.0055347956
1239 0.013257085
1240 0.012391519
1241 0.0062092566
1242 0.016386503
1243 0.009210185
1244 0.013485075
1245 0.01223697
1246 0.0055347956
1247 0.019913042
1248 0.01731733
1249 0.008957399
1250 0.008576472
1251 0.011792246
1252 0.007500068
1253 0.010307951
1254 0.014330422
1255 0.007500068
1256 0.01141038
1257 0.016386503
1258 0.0063100653
1259 0.0101628825
1260 0.010307951
1261 0.012172121
1262 0.007500068
1263 0.008754199
1264 0.0063100653
1265 0.012289067
1266 0.0053735524
1267 0.0069718705
1268 0.0101628825
1269 0.007843437
1270 0.0069718705
1271 0.010405152
1272 0.009566352
1273 0.007843437
1274 0.018189646
1275 0.011632244
1276 0.024092015
1277 0.015147241
1278 0.018140543
1279 0.01826788
1280 0.011074652
1281 0.011074652
1282 0.011632244
1283 0.004852028
1284 0.003185417
1285 0.01467652
1286 0.018189646
1287 0.014606178
1288 0.010028496
1289 0.0091322735
1290 0.012656164
1291 0.012754831
1292 0.007606297
1293 0.0074226065
1294 0.010028496
1295 0.01037304
1296 0.01037304
1297 0.012754831
1298 0.016051052
1299 0.013044983
1300 0.0074226065
1301 0.014091187
1302 0.0074226065
1303 0.01368187
1304 0.007632216
1305 0.012935597
1306 0.0107939225
1307 0.013044983
1308 0.009122664
1309 0.013542973
1310 0.013044983
1311 0.013542973
1312 0.01368187
1313 0.010933905
1314 0.0097189145
1315 0.010933905
1316 0.012950294
1317 0.0097189145
1318 0.01129688
1319 0.0073678065
1320 0.0126967365
1321 0.01821281
1322 0.008063444
1323 0.0059701116
1324 0.0056941975
1325 0.0126967365
1326 0.0070576565
1327 0.01648787
1328 0.008920678
1329 0.008920678
1330 0.013772881
1331 0.008148258
1332 0.008519053
1333 0.021650527
1334 0.011495017
1335 0.011495017
1336 0.00952082
1337 0.0074882945
1338 0.016376803
1339 0.023762034
1340 0.013583198
1341 0.011293928
1342 0.00870374
1343 0.006882721
1344 0.0045200493
1345 0.011293928
1346 0.0045200493
1347 0.012558145
1348 0.011293928
1349 0.007966471
1350 0.0114726825
1351 0.0062648933
1352 0.010343987
1353 0.0073243836
1354 0.008402164
1355 0.0073243836
1356 0.008402164
1357 0.01280792
1358 0.005906374
1359 0.005906374
1360 0.017816024
1361 0.008746328
1362 0.0066759847
1363 0.00753638
1364 0.017244752
1365 0.016783424
1366 0.013589154
1367 0.009060492
1368 0.01652621
1369 0.014347327
1370 0.0060844794
1371 0.011551046
1372 0.012729953
1373 0.008830336
1374 0.0060844794
1375 0.013119786
1376 0.007593416
1377 0.005320038
1378 0.03855469
1379 0.006450516
1380 0.008830336
1381 0.02589889
1382 0.024597432
1383 0.008601822
1384 0.0055678287
1385 0.010258537
1386 0.009817882
1387 0.009817882
1388 0.015054006
1389 0.010258537
1390 0.009580637
1391 0.0076083387
1392 0.009580637
1393 0.015845044
1394 0.005162643
1395 0.0071352394
1396 0.00944752
1397 0.01029548
1398 0.010694548
1399 0.009764713
1400 0.0072051324
1401 0.015845044
1402 0.017091366
1403 0.010879494
1404 0.016793113
1405 0.009730989
1406 0.0121970335
1407 0.00821131
1408 0.0072051324
1409 0.01029548
1410 0.008731032
1411 0.010369854
1412 0.016572213
1413 0.0049650725
1414 0.008731032
1415 0.004580315
1416 0.0075605535
1417 0.004580315
1418 0.0075605535
1419 0.0121970335
1420 0.013658136
1421 0.006946825
1422 0.004770721
1423 0.004770721
1424 0.014801308
1425 0.016544215
1426 0.015564556
1427 0.014272409
1428 0.012976258
1429 0.008650664
1430 0.014530463
1431 0.012632749
1432 0.008650664
1433 0.011563239
1434 0.018424647
1435 0.011039393
1436 0.017534534
1437 0.007693427
1438 0.009753162
1439 0.007693427
1440 0.017398678
1441 0.017534534
1442 0.0077387937
1443 0.010138507
1444 0.016496437
1445 0.019082423
1446 0.014251705
1447 0.005758094
1448 0.008627627
1449 0.014003109
1450 0.008627627
1451 0.014264208
1452 0.014424926
1453 0.008627627
1454 0.005545868
1455 0.008792161
1456 0.010245012
1457 0.008633647
1458 0.01222442
1459 0.008792161
1460 0.0057699447
1461 0.0070132553
1462 0.0159732
1463 0.014003109
1464 0.016689785
1465 0.008792161
1466 0.010559719
1467 0.013798192
1468 0.010245012
1469 0.010146991
1470 0.011912603
1471 0.020317316
1472 0.01259835
1473 0.01641164
1474 0.015402688
1475 0.016689785
1476 0.013105801
1477 0.020177733
1478 0.0116329985
1479 0.011912603
1480 0.011107398
1481 0.009646904
1482 0.00983181
1483 0.014438017
1484 0.010146991
1485 0.010295331
1486 0.013168269
1487 0.018270686
1488 0.009240483
1489 0.010620439
1490 0.016419848
1491 0.010295331
1492 0.00848415
1493 0.012463982
1494 0.008087499
1495 0.018338792
1496 0.006030563
1497 0.0145539
1498 0.0061662244
1499 0.015015117
1500 0.01409992
1501 0.00782663
1502 0.007578866
1503 0.013185033
1504 0.010102926
1505 0.004620382
1506 0.006030563
1507 0.0053366125
1508 0.01869922
1509 0.006515263
1510 0.007666035
1511 0.011348471
1512 0.0053366125
1513 0.018270686
1514 0.011376556
1515 0.0066247014
1516 0.007666035
1517 0.010968303
1518 0.010308216
1519 0.01409992
1520 0.010308216
1521 0.013185033
1522 0.008874582
1523 0.010189367
1524 0.010327749
1525 0.016880197
1526 0.020167006
1527 0.013419165
1528 0.008884345
1529 0.016230948
1530 0.008751131
1531 0.01889014
1532 0.0138665745
1533 0.010834703
1534 0.007400284
1535 0.01564198
1536 0.012358026
1537 0.01481939
1538 0.012854189
1539 0.009324137
1540 0.014452072
1541 0.013168285
1542 0.02128809
1543 0.013168285
1544 0.011815311
1545 0.01481939
1546 0.014409665
1547 0.014356548
1548 0.012854189
1549 0.011489262
1550 0.012358026
1551 0.008733633
1552 0.012800163
1553 0.013570876
1554 0.0141844135
1555 0.008075351
1556 0.011583842
1557 0.011489262
1558 0.011013407
1559 0.009505962
1560 0.009505962
1561 0.011082039
1562 0.009928912
1563 0.016692083
1564 0.005823891
1565 0.007671045
1566 0.010223224
1567 0.0069582644
1568 0.014409665
1569 0.010603662
1570 0.005056706
1571 0.012800163
1572 0.011489262
1573 0.009126632
1574 0.013267772
1575 0.008211149
1576 0.004567449
1577 0.004567449
1578 0.009773441
1579 0.005419096
1580 0.012599806
1581 0.005419096
1582 0.015650354
1583 0.006777468
1584 0.017761204
1585 0.01785934
1586 0.009773441
1587 0.013267772
1588 0.0077293566
1589 0.008051967
1590 0.01786839
1591 0.01785934
1592 0.009280711
1593 0.011842571
1594 0.009586887
1595 0.020169852
1596 0.01390079
1597 0.011919005
1598 0.015650354
1599 0.00750133
1600 0.01018705
1601 0.0064619756
1602 0.01018705
1603 0.0065285284
1604 0.011832393
1605 0.0065285284
1606 0.009894737
1607 0.0062141865
1608 0.0075741853
1609 0.014805575
1610 0.0043231896
1611 0.009635233
1612 0.007894994
1613 0.0043231896
1614 0.016650908
1615 0.011832393
1616 0.009635233
1617 0.015017672
1618 0.0142661575
1619 0.015508638
1620 0.013211786
1621 0.009565541
1622 0.011235445
1623 0.01418443
1624 0.007104884
1625 0.0063841483
1626 0.008949967
1627 0.007104884
1628 0.008605407
1629 0.0063841483
1630 0.008605407
1631 0.01418443
1632 0.0075485045
1633 0.010096347
1634 0.0075485045
1635 0.0150278555
1636 0.012899032
1637 0.012726231
1638 0.011822261
1639 0.012726231
1640 0.01565552
1641 0.010741515
1642 0.0057789492
1643 0.0103445165
1644 0.017503686
1645 0.0057789492
1646 0.006306187
1647 0.014208882
1648 0.016534038
1649 0.017971361
1650 0.0103445165
1651 0.008878798
1652 0.016679449
1653 0.008764829
1654 0.009705756
1655 0.010171073
1656 0.013894501
1657 0.013112476
1658 0.013894501
1659 0.013112476
1660 0.010297782
1661 0.012732308
1662 0.01688931
1663 0.014873701
1664 0.010825883
1665 0.018228805
1666 0.018228805
1667 0.021528814
1668 0.0111763375
1669 0.013041342
1670 0.009707857
1671 0.026675662
1672 0.016050532
1673 0.012145185
1674 0.01081935
1675 0.010511473
1676 0.024008589
1677 0.016050532
1678 0.010511473
1679 0.012973987
1680 0.010501718
1681 0.03477145
1682 0.023667887
1683 0.018908162
1684 0.015545806
1685 0.013838899
1686 0.013193951
1687 0.010354091
1688 0.010354091
1689 0.007149914
1690 0.022240913
1691 0.010354091
1692 0.017456101
1693 0.019973869
1694 0.0082313325
1695 0.015763748
1696 0.010282237
1697 0.014604908
1698 0.0082313325
1699 0.021898225
1700 0.013412147
1701 0.010006381
1702 0.011464013
1703 0.011092766
1704 0.009309949
1705 0.013318452
1706 0.010006381
1707 0.010006381
1708 0.009045789
1709 0.017213559
1710 0.013143884
1711 0.016819283
1712 0.013474903
1713 0.011137319
1714 0.008135518
1715 0.007355853
1716 0.014232894
1717 0.011137319
1718 0.023556497
1719 0.019702835
1720 0.014538617
1721 0.007355853
1722 0.013474903
1723 0.009929748
1724 0.010499302
1725 0.010482985
1726 0.010127905
1727 0.011178942
1728 0.011699211
1729 0.011826491
1730 0.0070090857
1731 0.0050496664
1732 0.0072555486
1733 0.0073299212
1734 0.009105348
1735 0.0069140284
1736 0.007712986
1737 0.007910231
1738 0.008543684
1739 0.025901524
1740 0.0051050917
1741 0.008179031
1742 0.018475618
1743 0.006852485
1744 0.0060511203
1745 0.011826491
1746 0.004243625
1747 0.010502312
1748 0.00690319
1749 0.01153278
1750 0.008102568
1751 0.013458791
1752 0.01427987
1753 0.0130518135
1754 0.017437804
1755 0.013405143
1756 0.008102568
1757 0.013226603
1758 0.007649472
1759 0.007649472
1760 0.010731407
1761 0.01018519
1762 0.008102568
1763 0.010644047
1764 0.014945235
1765 0.008540763
1766 0.009988931
1767 0.010528244
1768 0.011644435
1769 0.01608759
1770 0.016455885
1771 0.007983384
1772 0.01657463
1773 0.01877088
1774 0.01608759
1775 0.0113278525
1776 0.016944226
1777 0.009860666
1778 0.0068084877
1779 0.010228651
1780 0.012539859
1781 0.011329966
1782 0.012741208
1783 0.008825814
1784 0.009714874
1785 0.011875283
1786 0.0126508195
1787 0.009891996
1788 0.010206299
1789 0.008446805
1790 0.0167921
1791 0.008612291
1792 0.0150859915
1793 0.0063267765
1794 0.019070573
1795 0.0063267765
1796 0.0063267765
1797 0.009714874
1798 0.016486073
1799 0.0050282064
1800 0.011916923
1801 0.006715171
1802 0.010798881
1803 0.012622137
1804 0.008311643
1805 0.0167921
1806 0.011902526
1807 0.018484497
1808 0.017882796
1809 0.013540797
1810 0.014426871
1811 0.012252716
1812 0.0065179504
1813 0.011902526
1814 0.0065179504
1815 0.010798881
1816 0.008453466
1817 0.0047288616
1818 0.0077958717
1819 0.005217389
1820 0.012952303
1821 0.013540797
1822 0.011902526
1823 0.011577743
1824 0.012952303
1825 0.0034758316
1826 0.013632482
1827 0.011183541
1828 0.009712305
1829 0.008453466
1830 0.015896548
1831 0.015391186
1832 0.015896548
1833 0.010367201
1834 0.01322452
1835 0.01322452
1836 0.014126864
1837 0.009663223
1838 0.011985039
1839 0.010811909
1840 0.010696737
1841 0.0072837747
1842 0.007726518
1843 0.025839504
1844 0.009706366
1845 0.009494548
1846 0.011624338
1847 0.009407084
1848 0.013213918
1849 0.009513969
1850 0.010811909
1851 0.0072837747
1852 0.009387163
1853 0.011985039
1854 0.015302444
1855 0.009000176
1856 0.01614955
1857 0.019406151
1858 0.0062517547
1859 0.0061278734
1860 0.008919485
1861 0.005082996
1862 0.01777586
1863 0.017260425
1864 0.016111733
1865 0.011817042
1866 0.0065024197
1867 0.012382734
1868 0.015047104
1869 0.007984114
1870 0.005771382
1871 0.015529846
1872 0.006834667
1873 0.011502508
1874 0.0116207795
1875 0.005215719
1876 0.0078567695
1877 0.017131396
1878 0.011502508
1879 0.015452738
1880 0.015047104
1881 0.0077226707
1882 0.006834667
1883 0.0065605477
1884 0.007835938
1885 0.008316883
1886 0.004927844
1887 0.009620117
1888 0.013043939
1889 0.019495875
1890 0.01067924
1891 0.008329068
1892 0.009546245
1893 0.007835938
1894 0.011795085
1895 0.016213495
1896 0.008329068
1897 0.020003663
1898 0.008329068
1899 0.015857045
1900 0.014018823
1901 0.009559763
1902 0.013622748
1903 0.0074253776
1904 0.019495875
1905 0.010386517
1906 0.004506634
1907 0.007838667
1908 0.011799191
1909 0.014776732
1910 0.010326258
1911 0.010421536
1912 0.020319803
1913 0.0055083157
1914 0.0038874608
1915 0.0129260905
1916 0.0053348066
1917 0.0038457587
1918 0.007152147
1919 0.0105110165
1920 0.0053348066
1921 0.007152147
1922 0.0076771174
1923 0.010326258
1924 0.012243925
1925 0.0050038085
1926 0.010481384
1927 0.012243925
1928 0.015378523
1929 0.0119883595
1930 0.014492237
1931 0.011843331
1932 0.008141952
1933 0.0067446935
1934 0.015378523
1935 0.008463903
1936 0.006878137
1937 0.009771486
1938 0.006878137
1939 0.01729399
1940 0.008463903
1941 0.010399042
1942 0.00929025
1943 0.0064928047
1944 0.00717992
1945 0.011537734
1946 0.0063049155
1947 0.006875207
1948 0.0063787387
1949 0.00929025
1950 0.006559224
1951 0.009953895
1952 0.006662027
1953 0.006662027
1954 0.014468782
1955 0.011147327
1956 0.010252823
1957 0.01969456
1958 0.010252823
1959 0.009953895
1960 0.0075991317
1961 0.012130362
1962 0.012634537
1963 0.008267761
1964 0.0063099843
1965 0.008564407
1966 0.013655963
1967 0.013940294
1968 0.010289123
1969 0.012615032
1970 0.03208694
1971 0.011916411
1972 0.01804024
1973 0.018527396
1974 0.010289123
1975 0.010639291
1976 0.010215358
1977 0.005944165
1978 0.013276624
1979 0.013276624
1980 0.0057265377
1981 0.023371778
1982 0.017869567
1983 0.014437346
1984 0.010676237
1985 0.00967104
1986 0.013396477
1987 0.015000294
1988 0.022943443
1989 0.010676237
1990 0.010490792
1991 0.014022258
1992 0.012053578
1993 0.014022258
1994 0.016910154
1995 0.0048164027
1996 0.0027562159
1997 0.0065885014
1998 0.018822582
1999 0.008143273
2000 3.4028235E38
2001 0.014652382
2002 0.013179879
2003 0.008806801
2004 0.015884157
2005 0.017495653
2006 0.010933381
2007 0.01498014
2008 0.012858417
2009 0.018969692
2010 0.0075335694
2011 0.004141103
2012 0.0023385468
2013 0.006952207
2014 0.005206506
2015 0.015061194
2016 0.015654836
2017 0.015061194
2018 0.021180611
2019 0.00827539
2020 0.021033715
2021 0.015339547
2022 0.0066759503
2023 0.006065545
2024 0.008929098
2025 0.014987963
2026 0.006379017
2027 0.015523884
2028 0.007773748
2029 0.012980178
2030 0.032822397
2031 0.010452699
2032 0.0060664285
2033 0.012116457
2034 0.0034098749
2035 0.012963291
2036 0.011127721
2037 0.012766968
2038 0.006950555
2039 0.02124176
2040 0.006950555
2041 0.007974471
2042 0.007128105
2043 0.019262498
2044 0.013265829
2045 0.010714987
2046 0.015679482
2047 0.010489995
2048 0.010166851
2049 0.008583352
2050 0.03645746
2051 0.008019872
2052 0.0076035163
2053 0.0060365573
2054 0.007487688
2055 0.008019872
2056 0.0071860566
2057 0.013628797
2058 0.007487688
2059 0.019110927
2060 0.011991574
2061 0.012980136
2062 0.008311825
2063 0.012885334
2064 0.0130653065
2065 0.012992822
2066 0.012358874
2067 0.012989822
2068 0.01208182
2069 0.012980136
2070 0.012992822
2071 0.026059931
2072 0.017604904
2073 0.012980136
2074 0.016901294
2075 0.015208293
2076 0.0074917004
2077 0.00503056
2078 0.01296318
2079 0.016901294
2080 0.0070119733
2081 0.004400459
2082 0.004738331
2083 0.01022371
2084 0.029746406
2085 0.019130422
2086 0.013077236
2087 0.013045103
2088 0.014767411
2089 0.005426184
2090 0.0072156414
2091 0.006081339
2092 0.011325475
2093 0.002907543
2094 0.002907543
2095 0.012653
2096 0.0019507868
2097 0.012732222
2098 0.009788247
2099 0.007692369
2100 0.0046343454
2101 0.009204076
2102 0.0165118
2103 0.0046343454
2104 0.011613995
2105 0.017497692
2106 0.009788247
2107 0.014262794
2108 0.016620345
2109 0.0046343454
2110 0.006347272
2111 0.011146184
2112 0.011365544
2113 0.015926167
2114 0.012446712
2115 0.0111227315
2116 0.016497208
2117 0.0065951226
2118 0.015337322
2119 0.008419321
2120 0.009233748
2121 0.012446712
2122 0.009105153
2123 0.011365544
2124 0.008478278
2125 0.009327637
2126 0.01380417
2127 0.0065951226
2128 0.01332471
2129 0.023381373
2130 0.015337322
2131 0.006680618
2132 0.005612687
2133 0.007602336
2134 0.009341814
2135 0.009341814
2136 0.007602336
2137 0.013966325
2138 0.009105153
2139 0.015109376
2140 0.009761525
2141 0.012617979
2142 0.009341814
2143 0.014040412
2144 0.0073608374
2145 0.009300728
2146 0.0127948085
2147 0.0087661445
2148 0.022264436
2149 0.018044712
2150 0.018360727
2151 0.0101561
2152 0.015109376
2153 0.011448947
2154 0.0050811823
2155 0.0101561
2156 0.011138088
2157 0.014040412
2158 0.012056371
2159 0.016136384
2160 0.009419491
2161 0.011138088
2162 0.006034158
2163 0.0127948085
2164 0.008184868
2165 0.0076153367
2166 0.008138342
2167 0.006034158
2168 0.0069793975
2169 0.011138088
2170 0.010631464
2171 0.008060083
2172 0.0077912686
2173 0.0059657553
2174 0.007144673
2175 0.018752186
2176 0.0065091327
2177 0.0059657553
2178 0.010658634
2179 0.014862592
2180 0.013934328
2181 0.008009905
2182 0.020210734
2183 0.0073479777
2184 0.0191385
2185 0.006754471
2186 0.011749198
2187 0.017822942
2188 0.012497882
2189 0.005514761
2190 0.004906986
2191 0.01384463
2192 0.012497882
2193 0.012102277
2194 0.011749198
2195 0.009121326
2196 0.013503395
2197 0.010082405
2198 0.018003574
2199 0.008905219
2200 0.010676361
2201 0.009102497
2202 0.016128412
2203 0.0077315434
2204 0.008657259
2205 0.020232998
2206 0.0051358347
2207 0.017215787
2208 0.013503395
2209 0.012736731
2210 0.012057986
2211 0.014779653
2212 0.017503366
2213 0.0122905085
2214 0.010465278
2215 0.019754546
2216 0.010098469
2217 0.0093848575
2218 0.013096974
2219 0.015187781
2220 0.008486716
2221 0.0044184956
2222 0.008257476
2223 0.0027960078
2224 0.012736731
2225 0.008486716
2226 0.015016101
2227 0.009832906
2228 0.009773651
2229 0.016353391
2230 0.010915705
2231 0.009478867
2232 0.010915705
2233 0.013073745
2234 0.0132501535
2235 0.009318195
2236 0.012610823
2237 0.008854228
2238 0.0063249203
2239 0.008020279
2240 0.011944091
2241 0.016740292
2242 0.012293259
2243 0.009318195
2244 0.0063249203
2245 0.012293259
2246 0.007609777
2247 0.008020279
2248 0.0066302675
2249 0.010396921
2250 0.011122901
2251 0.00895166
2252 0.008612711
2253 0.005711916
2254 0.0126961535
2255 0.015588094
2256 0.0037476881
2257 0.011449024
2258 0.009686023
2259 0.020810805
2260 0.007701998
2261 0.011373923
2262 0.013964212
2263 0.009686023
2264 0.0104768835
2265 0.0075694104
2266 0.01610893
2267 0.010188423
2268 0.012550216
2269 0.009961171
2270 0.013220396
2271 0.0041988497
2272 0.01607901
2273 0.007633158
2274 0.0111077
2275 0.010188423
2276 0.009961171
2277 0.012227477
2278 0.014632287
2279 0.0074735284
2280 0.013572007
2281 0.011227399
2282 0.0086458735
2283 0.011174501
2284 0.01145592
2285 0.005820917
2286 0.005505942
2287 0.006129108
2288 0.010712946
2289 0.01607901
2290 0.010810768
2291 0.011174501
2292 0.010515294
2293 0.006129108
2294 0.009389148
2295 0.014632287
2296 0.014226869
2297 0.012749209
2298 0.009583091
2299 0.0073865685
2300 0.0073865685
2301 0.012342085
2302 0.012342085
2303 0.013414186
2304 0.014486038
2305 0.008190019
2306 0.012342085
2307 0.025051406
2308 0.0075463955
2309 0.015284947
2310 0.0038531176
2311 0.010776589
2312 0.010776589
2313 0.013414186
2314 0.009585535
2315 0.017359126
2316 0.009498148
2317 0.015284947
2318 0.0069072335
2319 0.014997831
2320 0.015718125
2321 0.013032963
2322 0.00918052
2323 0.014997831
2324 0.010100565
2325 0.010100565
2326 0.010833175
2327 0.010247211
2328 0.0095015
2329 0.010696513
2330 0.007364808
2331 0.010696513
2332 0.007364808
2333 0.028848873
2334 0.0111253
2335 0.015990809
2336 0.009594726
2337 0.01632959
2338 0.015835308
2339 0.01049659
2340 0.008906183
2341 0.004989277
2342 0.00685362
2343 0.003775433
2344 0.013577399
2345 0.003775433
2346 0.011309557
2347 0.008360029
2348 0.011444884
2349 0.0066390308
2350 0.020587077
2351 0.013553857
2352 0.011444884
2353 0.016685026
2354 0.010574367
2355 0.007161366
2356 0.007161366
2357 0.021339605
2358 0.013620786
2359 0.023576101
2360 0.011486427
2361 0.009935394
2362 0.009935394
2363 0.010442442
2364 0.011486427
2365 0.03260212
2366 0.015240139
2367 0.0065093646
2368 0.0059812916
2369 0.008618788
2370 0.020746415
2371 0.0113507705
2372 0.02156494
2373 0.014493923
2374 0.008858304
2375 0.008797677
2376 0.0061974553
2377 0.007266024
2378 0.01211251
2379 0.008797677
2380 0.011338157
2381 0.005014266
2382 0.010108867
2383 0.011989503
2384 0.009187012
2385 0.018202936
2386 0.00920714
2387 0.009749352
2388 0.015993953
2389 0.013773808
2390 0.010916552
2391 0.013477064
2392 0.010916552
2393 0.012886257
2394 0.009207204
2395 0.010916552
2396 0.011949639
2397 0.0131788375
2398 0.01543372
2399 0.010777575
2400 0.015563338
2401 0.010165829
2402 0.0065987855
2403 0.020926999
2404 0.012424214
2405 0.0065987855
2406 0.010958084
2407 0.012927241
2408 0.011170228
2409 0.008344893
2410 0.0068858946
2411 0.012954191
2412 0.021767076
2413 0.01136084
2414 0.011170228
2415 0.009852356
2416 0.009260223
2417 0.012585114
2418 0.0066701663
2419 0.012424214
2420 0.00884681
2421 0.009957052
2422 0.01013157
2423 0.0066701663
2424 0.006692036
2425 0.01013157
2426 0.016986234
2427 0.009623654
2428 0.0154372305
2429 0.009127957
2430 0.008718018
2431 0.0115018245
2432 0.012336073
2433 0.008358714
2434 0.015204162
2435 0.011273375
2436 0.015528622
2437 0.012980627
2438 0.012643657
2439 0.0115018245
2440 0.009263587
2441 0.0105605535
2442 0.011273375
2443 0.013200826
2444 0.008479418
2445 0.008479418
2446 0.014735546
2447 0.012054725
2448 0.015367179
2449 0.008594545
2450 0.007895082
2451 0.007570067
2452 0.010028877
2453 0.014735546
2454 0.020768961
2455 0.007762954
2456 0.014906619
2457 0.0093893455
2458 0.0075898496
2459 0.014735546
2460 0.035455383
2461 0.018553063
2462 0.018072091
2463 0.013041476
2464 0.009347838
2465 0.007216172
2466 0.016985929
2467 0.01387684
2468 0.008735819
2469 0.013174534
2470 0.0097236615
2471 0.009526785
2472 0.012214142
2473 0.008735819
2474 0.012625793
2475 0.007221974
2476 0.00890456
2477 0.014906619
2478 0.0051426413
2479 0.007221974
2480 0.010989202
2481 0.0065370817
2482 0.013556843
2483 0.016640253
2484 0.00890645
2485 0.015730448
2486 0.013900826
2487 0.013174534
2488 0.011784552
2489 0.0065370817
2490 0.009068706
2491 0.008569864
2492 0.016640253
2493 0.00907636
2494 0.0057977517
2495 0.017655026
2496 0.0073082303
2497 0.0078057423
2498 0.011445473
2499 0.0073005026
2500 0.008569864
2501 0.009068706
2502 0.012264822
2503 0.007712894
2504 0.020160586
2505 0.010325611
2506 0.008401435
2507 0.0078057423
2508 0.004637746
2509 0.010325611
2510 0.01372945
2511 0.0025940777
2512 0.00756294
2513 0.0073129665
2514 0.007712894
2515 0.013918835
2516 0.012423713
2517 0.011140137
2518 0.011940746
2519 0.01270171
2520 0.010396178
2521 0.0037980173
2522 0.012482892
2523 0.0037980173
2524 0.007859661
2525 0.011940746
2526 0.012371753
2527 0.0056327228
2528 0.010974359
2529 0.007859661
2530 0.016003113
2531 0.018387374
2532 0.020147005
2533 0.010396178
2534 0.0067563853
2535 0.0114144245
2536 0.008516496
2537 0.011224853
2538 0.0103918845
2539 0.021116346
2540 0.013891254
2541 0.012206765
2542 0.013329418
2543 0.0034634308
2544 0.009221592
2545 0.0026579706
2546 0.012409887
2547 0.0061628073
2548 0.012129275
2549 0.014579743
2550 0.01388965
2551 0.011385147
2552 0.0064262683
2553 0.009221592
2554 0.005907749
2555 0.015681174
2556 0.016454598
2557 0.011218449
2558 0.011680952
2559 0.012005443
2560 0.006828465
2561 0.0077575925
2562 0.018879948
2563 0.012129275
2564 0.012422158
2565 0.013801694
2566 0.015678054
2567 0.010395673
2568 0.008319695
2569 0.0057456465
2570 0.013064807
2571 0.005177844
2572 0.007404711
2573 0.006641235
2574 0.008216815
2575 0.010417076
2576 0.0097536035
2577 0.013801694
2578 0.014685307
2579 0.0074049886
2580 0.009650264
2581 0.016984897
2582 0.016815564
2583 0.012324748
2584 0.014929628
2585 0.017810063
2586 0.008562758
2587 0.014679282
2588 0.01406818
2589 0.012324748
2590 0.013571422
2591 0.011305078
2592 0.012064676
2593 0.011221879
2594 0.0033895695
2595 0.0033895695
2596 0.0090658935
2597 0.0119330995
2598 0.013571422
2599 0.007695318
2600 0.010525126
2601 0.011406779
2602 0.007695318
2603 0.0226735
2604 0.00869932
2605 0.008571042
2606 0.009705364
2607 0.009206789
2608 0.0068348423
2609 0.014895141
2610 0.005198554
2611 0.008301933
2612 0.007145205
2613 0.010117097
2614 0.006226052
2615 0.015267659
2616 0.012286637
2617 0.013515633
2618 0.008196727
2619 0.018054599
2620 0.009397693
2621 0.012842884
2622 0.01089781
2623 0.01089781
2624 0.012286637
2625 0.00927518
2626 0.008895625
2627 0.01189653
2628 0.013061704
2629 0.005736076
2630 0.016406061
2631 0.007986108
2632 0.0064978944
2633 0.0050671636
2634 0.004485324
2635 0.002820774
2636 0.011106466
2637 0.015091334
2638 0.008311146
2639 0.0072787683
2640 0.0072787683
2641 0.012269773
2642 0.012332449
2643 0.01943102
2644 0.010301333
2645 0.012332449
2646 0.0073000398
2647 0.019943578
2648 0.009302218
2649 0.013327172
2650 0.017508697
2651 0.014086821
2652 0.015416361
2653 0.011278899
2654 0.011465722
2655 0.015110222
2656 0.014637197
2657 0.011278899
2658 0.010620449
2659 0.012034866
2660 0.010377425
2661 0.009894233
2662 0.010352342
2663 0.0063076084
2664 0.010169915
2665 0.008751473
2666 0.0073981145
2667 0.02689709
2668 0.019683992
2669 0.008296073
2670 0.008296073
2671 0.007834728
2672 0.018866925
2673 0.0072610714
2674 0.02748066
2675 0.0072610714
2676 0.0073689283
2677 0.020931758
2678 0.018710304
2679 0.015781023
2680 0.008375287
2681 0.006665367
2682 0.0064267265
2683 0.018367875
2684 0.0051555736
2685 0.025698287
2686 0.013885412
2687 0.011879675
2688 0.012755355
2689 0.011328272
2690 0.008636568
2691 0.016598769
2692 0.011328272
2693 0.009735797
2694 0.0118978545
2695 0.007456526
2696 0.013664583
2697 0.0071646906
2698 0.010413713
2699 0.006757954
2700 0.013899686
2701 0.009803427
2702 0.0151243135
2703 0.012020273
2704 0.0060131634
2705 0.015889928
2706 0.0151243135
2707 0.012020273
2708 0.0148635395
2709 0.02554844
2710 0.011592038
2711 0.01204747
2712 0.010192697
2713 0.007277826
2714 0.010192697
2715 0.009921355
2716 0.007277826
2717 0.014992593
2718 0.0153006045
2719 0.009338522
2720 0.014049847
2721 0.009338522
2722 0.010192697
2723 0.010326823
2724 0.013564495
2725 0.010537786
2726 0.013911482
2727 0.010326823
2728 0.014502337
2729 0.006804982
2730 0.012660124
2731 0.013420876
2732 0.00594613
2733 0.005321411
2734 0.014502337
2735 0.005321411
2736 0.009873595
2737 0.0042960183
2738 0.028316358
2739 0.011069147
2740 0.011069147
2741 0.014582219
2742 0.005140903
2743 0.016111946
2744 0.009726449
2745 0.017341344
2746 0.009529553
2747 0.010032516
2748 0.014141963
2749 0.012817102
2750 0.0092960885
2751 0.009877105
2752 0.010032516
2753 0.008560461
2754 0.008560461
2755 0.014943358
2756 0.015200761
2757 0.017713215
2758 0.0113778105
2759 0.013321034
2760 0.008366456
2761 0.010304205
2762 0.008560461
2763 0.009129047
2764 0.009905492
2765 0.010605883
2766 0.013321034
2767 0.009820872
2768 0.008931062
2769 0.0059181214
2770 0.006955186
2771 0.004958123
2772 0.0072384323
2773 0.013321034
2774 0.009740385
2775 0.025168337
2776 0.0072384323
2777 0.018985773
2778 0.013058302
2779 0.020521374
2780 0.009932542
2781 0.011377984
2782 0.008932561
2783 0.014870984
2784 0.009932542
2785 0.009906397
2786 0.009497811
2787 0.008770745
2788 0.007811335
2789 0.010643427
2790 0.009740385
2791 0.010144466
2792 0.0064579956
2793 0.005772108
2794 0.006277783
2795 0.012159648
2796 0.015899774
2797 0.0092995
2798 0.013779534
2799 0.010643427
2800 0.0075038667
2801 0.005772108
2802 0.016562792
2803 0.011223213
2804 0.009415921
2805 0.012159648
2806 0.008733806
2807 0.017689157
2808 0.015434287
2809 0.01571812
2810 0.0061847414
2811 0.005556514
2812 0.013849666
2813 0.0096598575
2814 0.011656397
2815 0.017935542
2816 0.0071690376
2817 0.010043016
2818 0.009232137
2819 0.0061847414
2820 0.013320189
2821 0.007964544
2822 0.010682528
2823 0.011968953
2824 0.0061847414
2825 0.0055556307
2826 0.003450822
2827 0.006621225
2828 0.015781116
2829 0.007708123
2830 0.007873544
2831 0.0050004506
2832 0.015434287
2833 0.010448547
2834 0.010134899
2835 0.0058437916
2836 0.018362941
2837 0.008433784
2838 0.016796807
2839 0.00965493
2840 0.008433784
2841 0.020432588
2842 0.010776824
2843 0.006914224
2844 0.007873544
2845 0.0129381
2846 0.0104669565
2847 0.003239855
2848 0.009321208
2849 0.0029672948
2850 0.0071205036
2851 0.008171789
2852 0.011397716
2853 0.008171789
2854 0.0125833135
2855 0.005738856
2856 0.018920647
2857 0.005738856
2858 0.0107257
2859 0.008305488
2860 0.008305488
2861 0.010003381
2862 0.010003381
2863 0.017285818
2864 0.023483379
2865 0.0132322945
2866 0.00920871
2867 0.012456312
2868 0.011465785
2869 0.012456312
2870 0.00920871
2871 0.011122086
2872 0.01181308
2873 0.005105249
2874 0.0132322945
2875 0.004919374
2876 0.0038373866
2877 0.004919374
2878 0.0124254525
2879 0.018596362
2880 0.017285818
2881 0.004919374
2882 0.012715902
2883 0.006288566
2884 0.006288566
2885 0.012715902
2886 0.008598231
2887 0.0132322945
2888 0.018088764
2889 0.016727623
2890 0.004878015
2891 0.012155275
2892 0.015509676
2893 0.012366194
2894 0.004831267
2895 0.0100446725
2896 0.015635487
2897 0.021165933
2898 0.012810413
2899 0.014358527
2900 0.006566751
2901 0.006566751
2902 0.012249097
2903 0.017880244
2904 0.011046027
2905 0.01501324
2906 0.010179733
2907 0.00910546
2908 0.01907214
2909 0.008578886
2910 0.01589806
2911 0.012366194
2912 0.010410109
2913 0.005122706
2914 0.013621935
2915 0.0034303938
2916 0.013241795
2917 0.016217047
2918 0.011660901
2919 0.010410109
2920 0.0033859508
2921 0.017655268
2922 0.011160226
2923 0.008922722
2924 0.011669846
2925 0.011660901
2926 0.014404042
2927 0.00950235
2928 0.012681498
2929 0.017655268
2930 0.016217047
2931 0.013348021
2932 0.011669846
2933 0.0071005663
2934 0.012032954
2935 0.00841125
2936 0.011343926
2937 0.0071005663
2938 0.00841125
2939 0.008391083
2940 0.003493175
2941 0.021005535
2942 0.0021369637
2943 0.008890967
2944 0.0060979975
2945 0.014575347
2946 0.012557439
2947 0.006037019
2948 0.011628017
2949 0.014575347
2950 0.015167982
2951 0.011628017
2952 0.012557439
2953 0.011628017
2954 0.0048605115
2955 0.019365994
2956 0.0048605115
2957 0.015167982
2958 0.008914701
2959 0.0085010175
2960 0.02066989
2961 0.0085010175
2962 0.012529523
2963 0.015317592
2964 0.013212213
2965 0.018488195
2966 0.016576745
2967 0.0100543825
2968 0.005999158
2969 0.01155892
2970 0.013893824
2971 0.004934989
2972 0.007993542
2973 0.009927063
2974 0.004306063
2975 0.010986834
2976 0.007333677
2977 0.007333677
2978 0.010353735
2979 0.009482675
2980 0.009873143
2981 0.009416649
2982 0.013387848
2983 0.014079091
2984 0.009416649
2985 0.013013793
2986 0.018440984
2987 0.01980752
2988 0.013762504
2989 0.015833355
2990 0.005814403
2991 0.014953515
2992 0.0034589248
2993 0.010806627
2994 0.018785903
2995 0.007837729
2996 0.011285022
2997 0.007837729
2998 0.010692277
2999 0.013383653
