0.0 0.16471988 0
0.006001373 0.17060901 0
0.010098421 0.15715554 0
0.02020358 0.15361895 0
0.023560176 0.16660193 0
0.030404909 0.14667508 0
0.034183156 0.16061972 0
0.038688403 0.13375406 0
0.041621618 0.15818962 0
0.04246667 0.14962222 0
0.045555055 0.15987518 0
0.046990458 0.12764782 0
0.047216482 0.1420269 0
0.050598375 0.21086614 1
0.053460732 0.114535674 1
0.054268684 0.18164273 1
0.058046952 0.11253985 1
0.06004403 0.16467853 1
0.06165654 0.1803191 1
0.06259772 0.1932866 1
0.06284566 0.10032719 1
0.06410565 0.2239576 1
0.06470276 0.13132925 1
0.06606226 0.17849393 1
0.0665767 0.22623263 1
0.06701357 0.16890277 1
0.06723622 0.22656353 1
0.067853555 0.14582185 1
0.069624625 0.2096561 1
0.06987595 0.10388969 1
0.07099931 0.2286627 1
0.071729645 0.12199139 1
0.07213109 0.117875725 1
0.07318023 0.22560695 1
0.07449925 0.20622304 1
0.07515201 0.22220998 1
0.07624333 0.20378773 1
0.077257045 0.17455922 1
0.079913646 0.15509771 1
0.08029991 0.1038431 1
0.08115508 0.24802086 1
0.08220928 0.19632676 1
0.08290421 0.1598907 1
0.084098406 0.24157847 1
0.08487599 0.19454813 1
0.086137645 0.10536843 1
0.08789692 0.25002176 1
0.08818534 0.22604135 1
0.08907593 0.23783502 1
0.0898535 0.13456593 1
0.09157228 0.16394432 1
0.0921795 0.18334372 1
0.09310721 0.20310529 1
0.09394044 0.11498024 1
0.09545343 0.12767881 1
0.09671004 0.20322931 1
0.09730208 0.19567531 1
0.098423764 0.235162 1
0.09875942 0.14481378 1
0.099181086 0.18884513 1
0.10093023 0.07213285 2
0.101825885 0.25543013 2
0.10271648 0.091403075 2
0.10307743 0.22009522 2
0.10394777 0.15271413 2
0.10437958 0.077406704 2
0.10750003 0.16490085 2
0.10813255 0.26734275 2
0.10980578 0.15528901 2
0.11035059 0.11157819 2
0.11071155 0.163055 2
0.111153476 0.2379643 2
0.112332486 0.11298967 2
0.11311007 0.13098802 2
0.11395344 0.1650663 2
0.11456235 0.067975834 2
0.11601293 0.106562704 2
0.11670786 0.1067179 2
0.11740279 0.267746 2
0.1192295 0.2576896 2
0.120280325 0.2641423 2
0.12063118 0.08048312 2
0.12092973 0.24185768 2
0.12131935 0.21457332 2
0.12243766 0.15655576 2
0.122709215 0.16437347 2
0.12325066 0.234619 2
0.12392534 0.1307139 2
0.124244146 0.24021341 2
0.12485641 0.07248965 2
0.1262058 0.08803185 2
0.12658025 0.20929421 2
0.12809494 0.26675332 2
0.12838842 0.27231672 2
0.12895852 0.057567723 2
0.12930939 0.14081688 2
0.1305643 0.08454712 2
0.13121368 0.2301001 2
0.13173826 0.055147998 2
0.13234042 0.1465148 2
0.13317534 0.271841 2
0.13376738 0.26985565 2
0.13406593 0.14689228 2
0.13436955 0.16223806 2
0.13582014 0.2709776 2
0.1359753 0.04624962 2
0.13705145 0.17732541 2
0.1379201 0.053746678 2
0.13863696 0.20053037 2
0.13977382 0.093357556 2
0.14029838 0.10972197 2
0.14043331 0.1409048 2
0.14077234 0.054646324 2
0.14168319 0.10167666 2
0.14199692 0.27187198 2
0.14284702 0.093393646 2
0.14352173 0.25261736 2
0.14440218 0.25744647 2
0.14554916 0.2628962 2
0.14600289 0.15628172 2
0.14645998 0.26985565 2
0.1472325 0.24211097 2
0.1475884 0.172155 2
0.1479325 0.046332307 2
0.14812817 0.26563647 2
0.14885347 0.14724892 2
0.14898333 0.26290652 2
0.1491267 0.16122466 2
0.14984187 0.07271194 2
0.15157752 0.2691783 2
0.15200931 0.07159001 2
0.15233317 0.11697082 2
0.15279701 0.13440041 2
0.15390351 0.2593493 2
0.15440783 0.009741087 3
0.15517023 0.24833107 3
0.15604565 0.1550615 3
0.1573478 0.1789024 3
0.15769695 0.1333664 3
0.15806803 0.20086125 3
0.15821646 0.05401047 3
0.1583767 0.03153456 3
0.15849982 0.016380003 3
0.15891814 0.10121142 3
0.15976657 0.015723316 3
0.15991667 0.122399874 3
0.16083762 0.0013857282 3
0.16113111 0.1863117 3
0.16152245 0.20903566 3
0.16192389 0.17216015 3
0.16273688 0.32265103 4
0.1629781 0.32474494 4
0.1634723 0.027274027 4
0.16407447 0.13030541 4
0.16434771 0.27666503 4
0.16493975 0.009446453 4
0.16590287 0.27342325 4
0.16627902 0.034895275 4
0.16663861 0.018696379 4
0.16714294 0.09430362 4
0.16741586 0.04517937 4
0.16766296 0.26273593 4
0.16869237 0.14763166 4
0.16900644 0.02587814 4
0.16916077 0.22074683 4
0.16976817 0.1305277 4
0.16994324 0.28928092 4
0.17064847 0.12861472 4
0.1711118 0.104949616 4
0.17151324 0.24394652 4
0.1720228 0.3142955 4
0.17269716 0.29069763 4
0.17332007 0.13570854 4
0.17373686 0.28357282 4
0.17433412 0.30374777 4
0.17487961 0.015743988 4
0.1753018 0.1936434 4
0.1755231 0.011194072 4
0.1758166 0.06832739 4
0.1763415 0.16649851 4
0.17721657 0.10391036 4
0.17834903 0.2680718 4
0.17852917 0.11517153 4
0.17900787 0.16598664 4
0.1793528 0.1966319 4
0.18001688 0.021721127 4
0.18016614 0.028463228 4
0.18070151 0.21750487 4
0.18219933 0.30504557 4
0.1827347 0.05190096 4
0.18331121 0.23876567 4
0.183615 0.23484145 4
0.18415542 0.22605677 4
0.18433556 0.10268491 4
0.1852415 0.14782293 4
0.18577686 0.11348592 4
0.1865079 0.20698816 4
0.18695572 0.21329619 4
0.18788224 0.1762448 4
0.18862338 0.021596935 4
0.18878818 0.07781519 4
0.18956542 0.28486538 4
0.1900544 0.29030475 4
0.1903118 0.19429992 4
0.19050223 0.048291873 4
0.19126917 0.13700108 4
0.19230382 0.042795725 4
0.19294223 0.041803062 4
0.19334368 0.25381687 4
0.19366804 0.05202498 4
0.19430107 0.19557706 4
0.19476442 0.20009595 4
0.19551079 0.15343282 4
0.19599454 0.07194664 4
0.19620572 0.22851276 4
0.19638063 0.2418111 4
0.19665861 0.08346128 4
0.19727628 0.16810136 4
0.19795586 0.20540082 4
0.1981925 0.10697644 4
0.1987073 0.2984585 4
0.19912948 0.2863441 4
0.19962353 0.2416354 4
0.20043686 0.11727071 4
0.20065816 0.26274624 4
0.20099281 0.29606453 4
0.20148179 0.24543051 4
0.20208412 0.1868493 4
0.202537 0.20678146 4
0.20334005 0.15203162 4
0.20382398 0.26144844 4
0.20429744 0.056145903 4
0.20528063 0.23691471 4
0.20616598 0.18354025 4
0.20736542 0.18700449 4
0.20845674 0.0684204 4
0.20889933 0.24341401 4
0.20919788 0.1747557 4
0.20982079 0.14653547 4
0.21059802 0.112358905 4
0.21186426 0.22423173 4
0.21315123 0.07006467 4
0.21357848 0.26146406 4
0.21413948 0.2036378 4
0.21495788 0.13648418 4
0.21696036 0.11052335 4
0.21810295 0.11695541 4
0.21876195 0.19124418 4
0.21927658 0.18937254 4
0.22037818 0.17973484 4
0.22143339 0.20826021 4
0.22223137 0.069764785 4
0.22276656 0.26387852 4
0.2233328 0.2317547 4
0.22403295 0.1726255 4
0.2252786 0.24340877 4
0.22572644 0.16265172 4
0.22672498 0.06039068 4
0.22731179 0.10074601 4
0.22772369 0.24203354 4
0.2290002 0.15771395 4
0.22952005 0.17851463 4
0.23084818 0.23998079 4
0.23124962 0.206435 4
0.2319857 0.25832036 4
0.23280427 0.09777819 4
0.23353007 0.14481378 4
0.23365355 0.09178563 4
0.2340705 0.22437117 4
0.23573309 0.24882223 4
0.2358618 0.20442376 4
0.2366699 0.24585967 4
0.23805977 0.18582039 4
0.23852816 0.12755989 4
0.23880614 0.21901463 4
0.23923862 0.16867527 4
0.24131818 0.08605161 4
0.24189976 0.22596884 4
0.24287267 0.08431958 4
0.24335136 0.119044244 4
0.24423672 0.24894643 4
0.24496253 0.14361408 4
0.24754657 0.18364885 4
0.24919383 0.2419817 4
0.25023353 0.09072571 4
0.25087178 0.11866169 4
0.2513557 0.22174983 4
0.25231832 0.22988816 4
0.25360513 0.14132887 4
0.2548405 0.08852318 4
0.2560141 0.12952995 4
0.25696138 0.2160778 4
0.2583305 0.22694609 4
0.25867543 0.18024155 4
0.2589792 0.10563206 4
0.2596328 0.09826936 4
0.26080137 0.19194221 4
0.26200587 0.16855118 4
0.26258743 0.23223554 4
0.26344195 0.20018388 4
0.26441485 0.1319651 4
0.26494497 0.21706031 4
0.26606208 0.15309156 4
0.2677505 0.118454814 4
0.26867178 0.13198069 4
0.27185297 0.17211361 4
0.27246034 0.13796799 4
0.27318615 0.11237432 4
0.27493122 0.15561473 4
0.27618194 0.13129298 4
0.27711892 0.1643166 4
0.27815354 0.11301543 4
0.27928585 0.19564432 4
0.2824053 0.18042769 4
0.28329062 0.11376513 4
0.28409874 0.1880334 4
0.285185 0.18367478 4
0.2859673 0.15524247 4
0.28915876 0.15778632 4
0.29110962 0.19019459 4
0.29204136 0.20154895 4
0.29594308 0.15655059 4
0.2968954 0.17590354 4
0.29891324 0.19397938 4
0.3005553 0.13181517 4
0.30430773 0.18202017 4
0.30754557 0.17455406 4
0.3099957 0.15243492 4
0.31103557 0.18362819 4
0.3129092 0.15134913 4
0.31586906 0.17590354 4
0.31740296 0.1528227 4
0.31859204 0.17322525 4
0.34111223 0.16399086 4
0.34674874 0.1623725 4
0.35138145 0.15640065 4
0.3604976 0.17886105 4
0.36368397 0.18967243 4
0.36678267 0.19365375 4
0.36853805 0.18512252 4
0.3697837 0.14382094 4
0.37101904 0.15347417 4
0.37337658 0.1550615 4
0.37563628 0.16622448 4
0.37656802 0.197273 4
0.37761295 0.17442481 4
0.38109267 0.16523694 4
0.38206035 0.18701482 4
0.38323918 0.11985596 4
0.38425326 0.19170433 4
0.38604456 0.15861876 4
0.38995656 0.21716365 4
0.39277744 0.11674345 4
0.39336428 0.13203761 4
0.39417237 0.118423805 4
0.39480558 0.2246763 4
0.39665356 0.12587444 4
0.39753368 0.16022678 4
0.3985889 0.10904461 4
0.40000963 0.11756025 4
0.40022063 0.21602106 4
0.4013428 0.10683158 4
0.40311876 0.17145698 4
0.40410197 0.10096321 4
0.40491006 0.18849882 4
0.40572846 0.17616723 4
0.4064131 0.1488001 4
0.40822497 0.23388997 4
0.40997007 0.16845295 4
0.4107318 0.22882822 4
0.41250253 0.20851874 4
0.41333136 0.16892862 4
0.4139079 0.21474901 4
0.4156837 0.12620533 4
0.41604918 0.114204615 4
0.41679034 0.21476969 4
0.41714555 0.23704924 4
0.41825745 0.19718507 4
0.4199973 0.19319867 4
0.4208982 0.079842016 4
0.42160848 0.12177944 4
0.42280266 0.23573077 4
0.42412555 0.24715729 4
0.4242698 0.14953431 4
0.42493892 0.23800564 4
0.42643166 0.11098876 4
0.42684862 0.22876605 4
0.42782152 0.14871222 4
0.42894876 0.21840978 4
0.4295047 0.23492414 4
0.43194455 0.17237213 4
0.4326086 0.2025416 4
0.43337557 0.16637443 4
0.4339315 0.14661308 4
0.4368553 0.1264432 4
0.4374576 0.23767476 4
0.43898124 0.20547333 4
0.43934673 0.26224476 4
0.44047397 0.060313255 4
0.44131294 0.18843156 4
0.44224977 0.062102206 4
0.44279543 0.17796138 4
0.44326904 0.18942948 4
0.44386092 0.2741006 4
0.44480297 0.05708164 4
0.44600746 0.0721691 4
0.44652224 0.08769588 4
0.44774732 0.13132925 4
0.4486944 0.18910892 4
0.44899818 0.1592599 4
0.45023355 0.11860984 4
0.4506608 0.23699231 4
0.45078442 0.16931124 4
0.45209178 0.08153779 4
0.45256543 0.24786566 4
0.45432064 0.10382768 4
0.4563899 0.1369494 4
0.45704874 0.16819958 4
0.45780036 0.15200578 4
0.4587886 0.08984165 4
0.45974615 0.08125858 4
0.4603844 0.1448758 4
0.46090427 0.28140113 4
0.46165586 0.25693464 4
0.46194413 0.20339991 4
0.46218076 0.12007824 4
0.46312803 0.13162912 4
0.4638383 0.05439303 4
0.46434787 0.19294538 4
0.46554208 0.06486841 4
0.46648934 0.1530502 4
0.4667879 0.17578463 4
0.4673644 0.279028 4
0.46837848 0.061585125 4
0.46893442 0.29111123 4
0.46941817 0.1255073 4
0.4699947 0.1788145 4
0.47036022 0.17652917 4
0.47098312 0.20889097 4
0.47119918 0.2242058 4
0.47207424 0.19245404 4
0.472867 0.11467528 4
0.4742928 0.3009299 4
0.474926 0.07656381 4
0.47568268 0.29128182 4
0.476007 0.13275631 4
0.47632617 0.17239799 4
0.47730935 0.30412525 4
0.47780338 0.19831225 4
0.4784005 0.038059626 4
0.4791418 0.047723114 4
0.47966164 0.09551349 4
0.48053673 0.085441515 4
0.4807221 0.042092618 4
0.48126775 0.029766269 4
0.48158687 0.14148915 4
0.48212224 0.12943168 4
0.48231775 0.19364849 4
0.4827244 0.17543304 4
0.4832392 0.09845555 4
0.4839753 0.23723526 4
0.48462382 0.24508913 4
0.48481947 0.088931665 4
0.485396 0.17091925 4
0.4860857 0.030800266 4
0.48657992 0.042542435 4
0.48719236 0.0476611 4
0.48821166 0.07843038 4
0.48985368 0.3083858 4
0.49046108 0.2660812 4
0.49103254 0.10974265 4
0.49136195 0.10372417 4
0.49203107 0.05316759 4
0.492865 0.23246816 4
0.4932511 0.26705846 4
0.4938585 0.27473137 4
0.4944812 0.005821945 4
0.49482617 0.30856147 4
0.495696 0.087540686 4
0.49592775 0.015345833 4
0.4962263 0.0863515 4
0.49674615 0.07980576 4
0.49736384 0.17828712 4
0.49741527 0.14152016 4
0.49772933 0.14523768 4
0.4979147 0.027403299 4
0.49981412 0.21602106 4
0.5001022 0.016995184 4
0.50020003 0.16329284 4
0.5005244 0.18281648 4
0.5013789 0.0 4
0.50199133 0.18593423 4
0.5029025 0.31031436 4
0.50346875 0.101640575 4
0.50362325 0.12928174 4
0.50376207 0.26212057 4
0.50423115 0.09920001 4
0.5045145 0.05461532 4
0.5049362 0.23587038 4
0.5057593 0.0036814336 4
0.5060326 0.055944122 4
0.5062637 0.06359129 4
0.50688607 0.16308603 4
0.5070412 0.068539344 4
0.5077463 0.05190605 4
0.5078239 0.043710966 4
0.50838894 0.26744103 4
0.5089405 0.19064967 4
0.5094971 0.05835877 4
0.510052 0.2249606 4
0.51027805 0.25706917 4
0.5111636 0.08674964 4
0.5114571 0.040825818 4
0.5116477 0.2084669 4
0.51234764 0.31904194 4
0.512879 0.21451114 4
0.5133732 0.26421466 4
0.51398045 0.04470887 4
0.5144274 0.2702745 4
0.5150869 0.15781735 4
0.5165797 0.17599145 4
0.51740783 0.07857522 4
0.51779413 0.047087263 4
0.5181281 0.28693354 4
0.5188078 0.104577385 4
0.51937455 0.2854031 4
0.51968324 0.1553769 4
0.52031577 0.22866794 4
0.52051145 0.15515974 4
0.52094996 0.19986859 4
0.5212991 0.25716218 4
0.52238536 0.0800023 4
0.5226637 0.022517253 4
0.5229623 0.08131551 4
0.5234615 0.17985375 4
0.5240232 0.29874805 4
0.52459836 0.020433668 4
0.5252427 0.27425054 4
0.52557665 0.22900917 4
0.52593255 0.12099347 4
0.5264318 0.06710194 4
0.5267152 0.26354763 4
0.52753323 0.051926713 4
0.527847 0.049620677 4
0.5285419 0.15899104 4
0.52909344 0.029140586 4
0.5293448 0.1927385 4
0.52992165 0.13625664 4
0.5307043 0.047459494 4
0.5311513 0.30523178 4
0.5316556 0.05331244 4
0.5320318 0.292285 4
0.5323202 0.14208892 4
0.53262377 0.18406242 4
0.53336596 0.104158565 4
0.53377753 0.08777348 4
0.53443533 0.07846663 4
0.5350122 0.106335334 4
0.5357274 0.27879012 4
0.5360209 0.039739978 4
0.5369064 0.058307096 4
0.53734493 0.15581639 4
0.5381259 0.19223176 4
0.5384143 0.23149616 4
0.53885794 0.22092251 4
0.53911936 0.18547407 4
0.54026806 0.26691884 4
0.54195136 0.07731877 4
0.5422854 0.06572671 4
0.54255354 0.18786788 4
0.54323834 0.11098351 4
0.5438405 0.25990245 4
0.5443195 0.12153123 4
0.54452026 0.2781851 4
0.54495203 0.05128053 4
0.54541594 0.28838128 4
0.54578024 0.27753893 4
0.5468665 0.0582295 4
0.547779 0.2043824 4
0.54867464 0.051725104 4
0.54924476 0.27149978 4
0.55009997 0.11783438 4
0.5516433 0.16706209 4
0.55260134 0.17204124 4
0.5535493 0.23319194 4
0.5538529 0.1573365 4
0.5545107 0.11245192 4
0.5548515 0.11360485 4
0.5557572 0.08223582 4
0.5564774 0.23789196 4
0.5578471 0.1614987 4
0.55852175 0.27420396 4
0.55917454 0.15690218 4
0.5597311 0.07025596 4
0.56042606 0.21167259 4
0.561094 0.24209556 4
0.56129473 0.05352965 4
0.5633441 0.20482698 4
0.56420434 0.08868346 4
0.5648116 0.23786603 4
0.56516576 0.23808849 4
0.5655318 0.102281675 4
0.5657848 0.083512954 4
0.5660159 0.2084049 4
0.5661188 0.2462473 4
0.5672725 0.114845894 4
0.56965584 0.07594863 4
0.56990206 0.1390745 4
0.5703609 0.11065771 4
0.5719144 0.20527172 4
0.57301074 0.19946519 4
0.5735522 0.19085653 4
0.57421 0.21349782 4
0.57548684 0.14479294 4
0.5759186 0.21774276 4
0.5763825 0.19552538 4
0.5770724 0.10286077 4
0.5778027 0.24639218 4
0.5791167 0.12048164 4
0.5808658 0.09413301 4
0.58111376 0.20588182 4
0.58274484 0.13472621 4
0.58404696 0.21436645 4
0.5843152 0.2354929 4
0.58605415 0.09600482 4
0.58661586 0.20244335 4
0.5868014 0.16929571 4
0.5874491 0.08909195 4
0.5889064 0.18207711 4
0.5897397 0.10785542 4
0.59173167 0.2454356 4
0.59265935 0.13835073 4
0.59397674 0.123330526 4
0.5953092 0.20680213 4
0.59588104 0.16304983 4
0.59660804 0.21705505 4
0.5979456 0.10935991 4
0.5987957 0.16579017 4
0.59935063 0.15059425 4
0.5996964 0.22306828 4
0.60185707 0.10940651 4
0.6030564 0.14560482 4
0.60480213 0.22919013 4
0.6055274 0.10700745 4
0.6078703 0.19088754 4
0.60824645 0.18237698 4
0.611242 0.18837462 4
0.6115507 0.21525577 4
0.61312103 0.19121842 4
0.6136861 0.113703124 4
0.61572534 0.20984754 4
0.6170832 0.17548475 4
0.61755204 0.21058168 4
0.61899424 0.18579462 4
0.6192928 0.12808222 4
0.62145346 0.2124999 4
0.62247396 0.13322155 4
0.62366307 0.1944602 4
0.62467176 0.18073273 4
0.6258558 0.17467815 4
0.6322063 0.13036743 4
0.63540435 0.14490154 4
0.63898695 0.19189054 4
0.6424093 0.16312739 4
0.6551441 0.17945564 4
0.6604674 0.17533997 4
0.66244256 0.16147284 4
0.68209124 0.16698454 4
0.6907593 0.18241307 4
0.6977187 0.1492396 4
0.7026507 0.19447054 4
0.7039782 0.14660782 4
0.7064391 0.14022236 4
0.70949715 0.18056211 4
0.714392 0.123102985 4
0.7151477 0.20306903 4
0.7169389 0.20604718 4
0.71829844 0.12980899 4
0.7193898 0.15318981 4
0.7205536 0.18105847 4
0.7224883 0.11802041 4
0.72288465 0.17433174 4
0.7262817 0.20905633 4
0.7281405 0.17933673 4
0.73026067 0.13542934 4
0.7319137 0.17513315 4
0.73206884 0.1876456 4
0.7339783 0.16777562 4
0.73456013 0.1194268 4
0.7354609 0.14949293 4
0.7377717 0.15253833 4
0.73815286 0.18103261 4
0.7399121 0.1723256 4
0.7408955 0.20059763 4
0.74183834 0.15277101 4
0.7430781 0.20314662 4
0.7437832 0.1948997 4
0.74443257 0.19971864 4
0.74461305 0.16944566 4
0.7458123 0.12339778 4
0.74622893 0.15298817 4
0.7473101 0.13094652 4
0.74811304 0.14101341 4
0.75083536 0.19789852 4
0.75131947 0.21357541 4
0.7532963 0.13666512 4
0.7550421 0.14401223 4
0.7563746 0.21829084 4
0.7569616 0.15526314 4
0.758068 0.21494554 4
0.75894344 0.22543126 4
0.7601832 0.2230632 4
0.7606369 0.18519995 4
0.7612138 0.19974965 4
0.7631636 0.14959636 4
0.7638181 0.09882778 4
0.7654812 0.2565831 4
0.7661289 0.17126049 4
0.7667311 0.17596042 4
0.76701444 0.2546286 4
0.7674985 0.25142816 4
0.7687754 0.25862023 4
0.7710136 0.072039835 4
0.77152306 0.21046798 4
0.77211505 0.25642788 4
0.77258396 0.113537766 4
0.7741746 0.07778418 4
0.7756471 0.06246935 4
0.77845716 0.18410394 4
0.7789463 0.2559574 4
0.77946585 0.0851313 4
0.77971375 0.08570531 4
0.7801962 0.14449306 4
0.7808304 0.23168744 4
0.7821629 0.22696675 4
0.78300285 0.13826787 4
0.78425276 0.10924114 4
0.7854014 0.24333642 4
0.7872231 0.20784648 4
0.7880209 0.22702368 4
0.7888508 0.06944932 4
0.7898746 0.07163135 4
0.7905443 0.046823468 4
0.7919999 0.08743734 4
0.7928551 0.13625664 4
0.7932767 0.17123464 4
0.7935702 0.2759929 4
0.79443043 0.04344208 4
0.7951035 0.26942652 4
0.796242 0.17779076 4
0.79765713 0.04097051 4
0.7982795 0.06818778 4
0.80035925 0.11886329 4
0.8006224 0.26452488 4
0.8012448 0.07894746 4
0.8028202 0.0701216 4
0.8034679 0.17560883 4
0.8036703 0.1945378 4
0.80412745 0.06298627 4
0.80443615 0.056771424 4
0.80455416 0.076124325 4
0.8048274 0.08836291 4
0.8050855 0.23372969 4
0.80532163 0.22763379 4
0.80563027 0.055623565 4
0.80642307 0.17256862 4
0.80652595 0.21264984 4
0.80713314 0.12090047 4
0.8078956 0.12393029 4
0.80835944 0.26355287 4
0.8091252 0.22986747 4
0.8095384 0.17159139 4
0.8105876 0.18872619 4
0.81121 0.1962595 4
0.81176156 0.108351834 4
0.8121006 0.2828541 4
0.81239915 0.24861029 4
0.81293553 0.13838173 4
0.81437093 0.1416701 4
0.81473696 0.14413641 4
0.8155145 0.16545926 4
0.8161116 0.23784536 4
0.81696004 0.09174954 4
0.81723326 0.12095214 4
0.8175521 0.034900527 4
0.8188542 0.29386708 4
0.8192152 0.07608298 4
0.81939566 0.19792444 4
0.81974983 0.028804619 4
0.8204195 0.18877278 4
0.82092386 0.2739195 4
0.8216542 0.047630098 4
0.8221383 0.12485586 4
0.8225397 0.24120624 4
0.82275057 0.1960218 4
0.82353824 0.20080957 4
0.8241404 0.13705802 4
0.82446086 0.04941398 4
0.8246195 0.25334114 4
0.82526886 0.2685682 4
0.82589126 0.27458143 4
0.8273637 0.20893231 4
0.8276572 0.22468664 4
0.8279356 0.2881124 4
0.8286355 0.23471726 4
0.8289999 0.08358529 4
0.8298129 0.054625653 4
0.8299377 0.087907836 4
0.8303999 0.09484663 4
0.8307507 0.21355474 4
0.8313225 0.071863964 4
0.8318319 0.07391147 4
0.8322384 0.1822528 4
0.8325825 0.21851838 4
0.83299404 0.119328536 4
0.833608 0.3022226 4
0.8340297 0.27755958 4
0.834421 0.22260812 4
0.8349 0.22717363 4
0.83563036 0.31674638 4
0.83586144 0.07798055 4
0.8364434 0.15132327 4
0.83667445 0.24262297 4
0.8370051 0.11683121 4
0.83722603 0.24361564 4
0.8375802 0.16743954 4
0.8378737 0.0047516944 4
0.8383578 0.07364784 4
0.8387441 0.20248485 4
0.83925855 0.23814525 4
0.8394812 0.2917525 4
0.8399804 0.10028585 4
0.84039706 0.29026848 4
0.84092164 0.050199766 4
0.8412674 0.22796991 4
0.8418797 0.13872804 4
0.8421057 0.29715037 4
0.8427956 0.013412191 4
0.84329486 0.070359305 4
0.8438093 0.32320943 4
0.8442631 0.09122212 4
0.84541005 0.06566454 4
0.8458789 0.050996065 4
0.8462129 0.10470666 4
0.8470681 0.3044768 4
0.8477326 0.07278428 4
0.8484731 0.08206521 4
0.84887457 0.24879648 4
0.84914273 0.1534897 4
0.84949696 0.16264653 4
0.8502138 0.14469993 4
0.8507991 0.08766488 4
0.8510217 0.26851127 4
0.85151595 0.3031119 4
0.8525196 0.28587362 4
0.8530492 0.15961666 4
0.85339326 0.12520216 4
0.85366654 0.11561102 4
0.85456216 0.19312108 4
0.85548985 0.19273326 4
0.855721 0.11229673 4
0.8558694 0.08741667 4
0.85693544 0.2259275 4
0.8576607 0.063777484 4
0.8579913 0.23021378 4
0.85838264 0.3044148 4
0.8590354 0.07214318 4
0.85972023 0.17453337 4
0.85997826 0.22449535 4
0.86089414 0.30041298 4
0.86108977 0.24244711 4
0.86144906 0.24843967 4
0.86257243 0.080234915 4
0.8631375 0.29449275 4
0.863797 0.13011938 4
0.86412084 0.23864166 4
0.86509407 0.035707153 4
0.86624277 0.054920457 4
0.86660707 0.21088155 4
0.8670861 0.11793773 4
0.867184 0.2688681 4
0.86768323 0.09290248 4
0.868002 0.18852457 4
0.8683107 0.05058758 4
0.87005645 0.27919334 4
0.87090653 0.17789935 4
0.87155426 0.06264504 4
0.87274843 0.2573948 4
0.87316 0.29685557 4
0.8746376 0.049848218 4
0.8751942 0.040174384 4
0.87735486 0.10252463 4
0.87819487 0.22398351 4
0.8786115 0.28838128 4
0.87916815 0.043359406 4
0.88000137 0.2918609 4
0.88036233 0.18581004 4
0.88068616 0.25394106 4
0.88114494 0.28662857 4
0.88211143 0.09541539 4
0.8823274 0.11013046 4
0.8827609 0.22173949 4
0.88350135 0.28826234 4
0.8844493 0.22617063 4
0.8847326 0.04767144 4
0.8852875 0.22460395 4
0.8857211 0.06278466 4
0.88581216 0.1401707 4
0.8860196 0.17085719 4
0.8866774 0.24966495 4
0.88694054 0.05980125 4
0.8872391 0.25464928 4
0.8879644 0.19091329 4
0.8889022 0.08015223 4
0.8896376 0.1175655 4
0.8898957 0.107601956 4
0.89102244 0.18797648 4
0.8910949 0.15996309 4
0.89187086 0.1751952 4
0.8928239 0.083843835 4
0.89363176 0.23105668 4
0.8946506 0.24751936 4
0.8953455 0.27601358 4
0.8962563 0.19118743 4
0.89663756 0.17900063 4
0.8971115 0.2342417 4
0.89812016 0.19072726 4
0.89976805 0.05651288 4
0.9000346 0.25729147 4
0.90070426 0.08381283 4
0.9012709 0.06306387 4
0.9019187 0.2664638 4
0.90245503 0.109365165 4
0.90345865 0.07250507 4
0.90388536 0.13706835 4
0.90476584 0.23442264 4
0.9052904 0.10643361 4
0.90637666 0.23690438 4
0.9067376 0.24141294 4
0.90803474 0.09062236 4
0.90902823 0.1146441 4
0.90917665 0.19756763 4
0.9095275 0.11821186 4
0.9097333 0.0681722 4
0.91128844 0.15620416 4
0.91208625 0.2245057 4
0.9126007 0.203917 4
0.913218 0.16582637 4
0.91522014 0.18667868 4
0.91618836 0.08102596 4
0.9170368 0.15551133 4
0.91855145 0.24713662 4
0.921063 0.23064294 4
0.92171574 0.1431075 4
0.92198396 0.16418216 4
0.9225456 0.24811913 4
0.92313766 0.2474831 4
0.92537594 0.1822838 4
0.92648244 0.09822293 4
0.9274304 0.11645391 4
0.92899567 0.21387003 4
0.92957085 0.17002992 4
0.9300195 0.1725531 4
0.93028265 0.2375404 4
0.9320571 0.14919822 4
0.93256307 0.16404773 4
0.93300503 0.10624215 4
0.9349397 0.14059459 4
0.9365775 0.23104109 4
0.9373905 0.18823503 4
0.93989694 0.15788455 4
0.9404013 0.12706363 4
0.9415752 0.115993746 4
0.9431456 0.20157994 4
0.94468385 0.21701372 4
0.9472629 0.1553976 4
0.9475159 0.15393952 4
0.9493224 0.197273 4
0.950805 0.17393878 4
0.95141727 0.13048635 4
0.95330137 0.15443587 4
0.9543522 0.17741331 4
0.95698684 0.16541272 4
0.9589789 0.12586918 4
0.9605745 0.19258857 4
0.96266943 0.16658641 4
0.96384335 0.1691768 4
0.96587086 0.18101195 4
0.96700937 0.16186582 4
0.96749854 0.16875283 4
0.96829635 0.15431179 4
0.97129196 0.16772391 4
0.9742673 0.15699008 4
0.9787861 0.16104887 4
0.9803986 0.1399379 4
0.98285276 0.16768773 4
0.986066 0.1442811 4
0.9900905 0.15808104 4
0.99167097 0.15437901 4
1.0 0.16918716 4
0.009167352 0.51359445 5
0.013743437 0.50548244 5
0.017732529 0.49387002 5
0.020080462 0.49044254 5
0.022591988 0.5219979 5
0.02488762 0.5041287 5
0.03150126 0.537602 5
0.03441087 0.54009426 5
0.03569784 0.5044235 5
0.038342617 0.5110412 5
0.041631732 0.4714568 5
0.044257972 0.52074593 5
0.04474712 0.47478092 5
0.046651427 0.48406202 5
0.049075264 0.47622272 5
0.050650652 0.48210683 5
0.052168716 0.5528333 5
0.053187493 0.55544925 5
0.053713743 0.4939632 5
0.05624047 0.50754094 5
0.05880934 0.54814357 5
0.06021438 0.44595495 5
0.06113027 0.5327768 5
0.06425072 0.47200406 5
0.065294795 0.51421624 5
0.066205636 0.55464786 5
0.067106344 0.5704281 5
0.06772537 0.47694278 5
0.06850127 0.4921944 5
0.06965499 0.5035899 5
0.07001089 0.45014822 5
0.07120002 0.4314674 5
0.07358842 0.43498468 5
0.07394264 0.5133522 5
0.07518406 0.44406757 5
0.076584056 0.45632714 5
0.076980434 0.45023632 5
0.079070285 0.50234467 5
0.07949196 0.47781533 5
0.080547854 0.43717027 5
0.080984704 0.43311763 5
0.08292444 0.57020104 5
0.08435648 0.43955916 5
0.08533983 0.52326864 5
0.08637886 0.56751734 5
0.086652115 0.45071748 5
0.08705356 0.42162383 5
0.08791883 0.4209868 5
0.089286774 0.48092258 5
0.09002894 0.47631592 5
0.09076941 0.4208682 5
0.091697104 0.41522804 5
0.09231444 0.41743055 5
0.09352383 0.42633894 5
0.09372454 0.5358332 5
0.09447175 0.4377768 5
0.09532525 0.5857119 5
0.095829576 0.4719532 5
0.09687027 0.47826597 5
0.09745727 0.4418972 5
0.09857894 0.561701 5
0.09948471 0.44409975 5
0.100834094 0.51218826 5
0.10135361 0.42403305 5
0.10202829 0.45821962 5
0.103689715 0.44965178 5
0.10466295 0.47591776 5
0.10535788 0.53463876 5
0.10602245 0.4786387 5
0.10704124 0.4194772 5
0.1081123 0.49995068 5
0.10916144 0.5421934 5
0.10987155 0.56292087 5
0.11051589 0.5854595 5
0.111226 0.6090468 5
0.111875385 0.47140428 5
0.11293466 0.4314166 5
0.11437173 0.43187574 5
0.115503535 0.5404094 5
0.11587968 0.5930497 5
0.11670786 0.52548134 5
0.11750061 0.43107942 5
0.11767098 0.5880025 5
0.11884999 0.57969904 5
0.11994637 0.46547946 5
0.12212899 0.62687874 5
0.12266367 0.52541524 5
0.12345644 0.4302374 5
0.12435208 0.61444974 5
0.12502171 0.57036203 5
0.12510942 0.49575233 5
0.12600508 0.50867265 5
0.12636942 0.39500546 5
0.12714194 0.5670481 5
0.12825349 0.5877501 5
0.1287477 0.4173374 5
0.12910865 0.45282683 5
0.12942745 0.4410484 5
0.12997395 0.5698961 5
0.13063176 0.38152602 5
0.13117321 0.46932542 5
0.13193898 0.41950434 5
0.13243824 0.5381865 5
0.13326812 0.62099636 5
0.1342616 0.5624346 5
0.13495147 0.5806715 5
0.13557893 0.492784 5
0.13590784 0.575826 5
0.13599049 0.5389727 5
0.13665 0.60111094 5
0.13786444 0.4700184 5
0.13807529 0.37374604 5
0.1388984 0.4292598 5
0.14007238 0.505845 5
0.14075716 0.5526418 5
0.14101525 0.61445487 5
0.14135428 0.57729995 5
0.14186873 0.51577157 5
0.14226511 0.5588631 5
0.14270872 0.47432008 5
0.14325354 0.48476005 5
0.14405134 0.6025629 5
0.14480363 0.5954996 5
0.14594553 0.61675054 5
0.14625928 0.39525962 5
0.14734046 0.46994042 5
0.1475783 0.37347662 5
0.14804551 0.45645082 5
0.14869995 0.48699814 5
0.15056886 0.3916356 5
0.15139703 0.40894577 5
0.15186088 0.3746186 5
0.15244111 0.64605093 5
0.15301292 0.5183265 5
0.15311581 0.63871485 5
0.1535223 0.6203237 5
0.15565433 0.6227228 5
0.15580782 0.46271786 5
0.15647745 0.43880013 5
0.15676588 0.53920984 5
0.15741864 0.5955877 5
0.15808827 0.6067765 5
0.15827887 0.58654547 5
0.15904129 0.37868816 5
0.15938535 0.57642573 5
0.1596738 0.50357467 5
0.16017812 0.3727837 5
0.16073474 0.6614906 5
0.16146003 0.53139764 5
0.16184123 0.34501326 5
0.16246869 0.350157 5
0.16259183 0.39110702 5
0.16299494 0.51330644 5
0.16328676 0.57476705 5
0.1634723 0.59455925 5
0.16378096 0.41960767 5
0.16499203 0.5848851 5
0.16552672 0.52006817 5
0.16652021 0.44914013 5
0.16694745 0.6023969 5
0.167246 0.3871323 5
0.1683476 0.45164254 5
0.16918658 0.6684963 5
0.16938224 0.60791504 5
0.16957773 0.5514017 5
0.1698918 0.5569859 5
0.17016454 0.53332573 5
0.17143095 0.3528932 5
0.17235222 0.525683 5
0.17252207 0.46980658 5
0.17270745 0.35255095 5
0.17377818 0.4726343 5
0.17423107 0.5033629 5
0.17459135 0.58040214 5
0.17564657 0.36276898 5
0.17655268 0.57397586 5
0.17738643 0.4538044 5
0.17769526 0.6093823 5
0.1790954 0.6023664 5
0.17951238 0.37496588 5
0.17962572 0.61428374 5
0.18010442 0.56269383 5
0.18047498 0.5833501 5
0.18084556 0.596162 5
0.1810979 0.4831471 5
0.18179266 0.52378035 5
0.18240021 0.6515471 5
0.18286338 0.3954307 5
0.18295093 0.5552374 5
0.1833576 0.3884301 5
0.18386209 0.42065132 5
0.18445396 0.4145249 5
0.18504079 0.49448502 5
0.18557091 0.557218 5
0.18661079 0.36440226 5
0.1875476 0.3732327 5
0.188016 0.35967192 5
0.18938005 0.48196283 5
0.18990006 0.5181096 5
0.19073904 0.6010635 5
0.19108903 0.60261035 5
0.19154716 0.42602888 5
0.19180454 0.55718243 5
0.19203107 0.5703468 5
0.19243252 0.44648355 5
0.19255614 0.43614185 5
0.19302961 0.40705836 5
0.19340542 0.48764026 5
0.1936473 0.564261 5
0.19454311 0.61168814 5
0.1947747 0.6427844 5
0.19506803 0.5658994 5
0.19582991 0.43836978 5
0.19616963 0.37684822 5
0.19628803 0.43747523 5
0.197127 0.5440232 5
0.1976676 0.50081986 5
0.19814107 0.56768847 5
0.198275 0.5393132 5
0.1987073 0.47847775 5
0.19977804 0.62349874 5
0.2000663 0.5101924 5
0.2006531 0.51631546 5
0.20114732 0.45297763 5
0.20179586 0.4749622 5
0.20226426 0.4486759 5
0.20262454 0.46640962 5
0.20347399 0.56213474 5
0.20363355 0.5720884 5
0.20390628 0.4665333 5
0.20409165 0.46013752 5
0.2047402 0.5864777 5
0.20522413 0.40954044 5
0.20609903 0.59672624 5
0.20685586 0.40244153 5
0.20808093 0.59533525 5
0.20856991 0.5656825 5
0.20936267 0.49473917 5
0.20980021 0.5000896 5
0.21017079 0.5463917 5
0.21083991 0.5399282 5
0.21199295 0.5616383 5
0.21243049 0.4346577 5
0.21338281 0.5085744 5
0.21371746 0.4812648 5
0.2140263 0.45299286 5
0.21432991 0.49229777 5
0.21482918 0.38419446 5
0.21565804 0.6111663 5
0.21652283 0.45210338 5
0.21687283 0.5338323 5
0.217197 0.39677426 5
0.2180979 0.61353993 5
0.21948774 0.55456144 5
0.22039369 0.57377934 5
0.22097526 0.60587686 5
0.22185557 0.46219093 5
0.2221489 0.42203215 5
0.22233932 0.44965687 5
0.2227976 0.48667794 5
0.22321963 0.5618196 5
0.223616 0.40994877 5
0.22500063 0.6022003 5
0.22526832 0.41725945 5
0.22595297 0.45025155 5
0.22683309 0.5804851 5
0.22761557 0.45536143 5
0.22931427 0.4621232 5
0.23018934 0.4802923 5
0.23087399 0.42274544 5
0.2311776 0.4669484 5
0.23253135 0.5950201 5
0.2331799 0.4097319 5
0.23411688 0.41690874 5
0.23505875 0.5334646 5
0.23627876 0.57369626 5
0.2373854 0.50650066 5
0.23803918 0.44112125 5
0.23877528 0.50426257 5
0.2393157 0.55318063 5
0.23956281 0.43575895 5
0.2408857 0.45182383 5
0.24137469 0.5682984 5
0.24235281 0.5541413 5
0.24354179 0.5555644 5
0.24438599 0.48401457 5
0.24537441 0.5336934 5
0.24577585 0.46646723 5
0.24707818 0.45652366 5
0.2490034 0.5733185 5
0.24944077 0.52170825 5
0.2515667 0.4314471 5
0.2533221 0.51516676 5
0.25378528 0.51799613 5
0.25491774 0.46604875 5
0.25528324 0.53027946 5
0.2569511 0.5370683 5
0.25757906 0.42769942 5
0.25832543 0.49197248 5
0.26051816 0.4791131 5
0.26073962 0.5148923 5
0.26116687 0.5662043 5
0.26202643 0.5115681 5
0.26332876 0.5526943 5
0.26457962 0.53683114 5
0.26606208 0.43746507 5
0.26728192 0.52638096 5
0.26865122 0.47625998 5
0.26891366 0.50558573 5
0.26908368 0.45066667 5
0.2709831 0.4902562 5
0.27200747 0.45770797 5
0.27412817 0.56260574 5
0.275137 0.5396758 5
0.27720627 0.48087174 5
0.2795073 0.53461844 5
0.2815869 0.49769056 5
0.2827244 0.47718504 5
0.28408846 0.4659708 5
0.28707412 0.48313186 5
0.28781527 0.54421973 5
0.2899515 0.5138689 5
0.29255617 0.51928717 5
0.2940231 0.5208289 5
0.29793006 0.5166865 5
0.2990573 0.5389828 5
0.3022128 0.5110768 5
0.30346352 0.48133257 5
0.30532703 0.5027174 5
0.3085441 0.49937123 5
0.30975384 0.5237498 5
0.3166721 0.4999456 5
0.32184526 0.5067141 5
0.34349552 0.5066057 5
0.34782454 0.49812597 5
0.3514072 0.5149448 5
0.35520598 0.4993865 5
0.36033297 0.5028462 5
0.36542383 0.5234144 5
0.36819834 0.47949094 5
0.37116325 0.5307708 5
0.37200224 0.47603127 5
0.37336123 0.5344371 5
0.37466353 0.5411955 5
0.37584224 0.54211545 5
0.37600702 0.48765042 5
0.37693354 0.5372868 5
0.3791521 0.5210813 5
0.3807683 0.4939107 5
0.38175672 0.5267791 5
0.38317746 0.47862685 5
0.38415542 0.5272806 5
0.38688353 0.5401145 5
0.3877741 0.54738456 5
0.38906616 0.4952305 5
0.39202586 0.5448669 5
0.39317384 0.4928467 5
0.3946305 0.47289354 5
0.39613876 0.54910594 5
0.39696744 0.5533619 5
0.39908832 0.5099603 5
0.40049353 0.47353396 5
0.40097728 0.46687552 5
0.40217167 0.4594344 5
0.40364888 0.44225302 5
0.40487918 0.53407454 5
0.4066447 0.49105754 5
0.4080192 0.4883061 5
0.40864193 0.44322553 5
0.410006 0.5219979 5
0.41228122 0.48396373 5
0.41364527 0.5002455 5
0.41411892 0.4550395 5
0.4150196 0.46345314 5
0.41612646 0.48764026 5
0.41719702 0.52671814 5
0.41742355 0.49512208 5
0.41959062 0.48545808 5
0.42027527 0.5840736 6
0.42166513 0.5840329 6
0.422185 0.45144603 6
0.42280266 0.42154083 6
0.42352846 0.55048674 6
0.42476383 0.525932 6
0.42491832 0.58855146 6
0.4261795 0.5360924 6
0.42665294 0.4427037 6
0.42700818 0.44224286 6
0.42740962 0.570118 6
0.42816123 0.5456683 6
0.42882007 0.4828879 6
0.430076 0.5693692 6
0.43088934 0.4827439 6
0.43285573 0.49871558 6
0.43338078 0.5654029 6
0.4334837 0.5582684 6
0.4336382 0.5849156 6
0.43466252 0.44917235 6
0.43529052 0.52404463 6
0.43625295 0.5402026 6
0.43708685 0.57158184 6
0.43833774 0.50611943 6
0.438765 0.4267574 6
0.43904802 0.47554672 6
0.43989223 0.4217882 6
0.44034004 0.47732398 6
0.4409682 0.4096387 6
0.44129238 0.55572873 6
0.4417402 0.57331336 6
0.44244543 0.45169505 6
0.44335136 0.54724395 6
0.44376326 0.5871554 6
0.4443654 0.6037167 6
0.44452497 0.57174283 6
0.44517875 0.5450211 6
0.44529194 0.44810665 6
0.44579643 0.4825575 6
0.44636774 0.4530759 6
0.44709876 0.48129022 6
0.44771644 0.40976238 6
0.44878715 0.5219505 6
0.44935846 0.56675327 6
0.45046008 0.52641827 6
0.45148948 0.5241276 6
0.45311108 0.46776503 6
0.4537544 0.6161305 6
0.45578253 0.61569 6
0.45690978 0.46860197 6
0.4575018 0.4890465 6
0.45818645 0.5186518 6
0.4586496 0.4193332 6
0.45901513 0.40411207 6
0.46031746 0.51477873 6
0.4627573 0.42023793 6
0.46343687 0.38622588 6
0.46378687 0.47723758 6
0.464034 0.557157 6
0.46443036 0.48490405 6
0.4652179 0.49501193 6
0.46619585 0.4763379 6
0.46659747 0.43720752 6
0.46782252 0.5653928 6
0.46842992 0.42550197 6
0.46917108 0.504066 6
0.46941817 0.6064055 6
0.47118384 0.6269567 6
0.4717757 0.5232534 6
0.471925 0.5276737 6
0.4723934 0.6354991 6
0.47279498 0.40660262 6
0.47355673 0.62650263 6
0.4744576 0.37739545 6
0.47473034 0.4647086 6
0.47551805 0.6370765 6
0.47705194 0.52555925 6
0.47751513 0.38393018 6
0.47856006 0.42703187 6
0.47981092 0.62055075 6
0.48059338 0.64819753 6
0.48095366 0.37147066 6
0.48147354 0.52185225 6
0.48249283 0.63781005 6
0.48297673 0.49603188 6
0.48340905 0.41368628 6
0.48402166 0.56137574 6
0.48433557 0.3695985 6
0.48530322 0.648926 6
0.48583356 0.35588187 6
0.48645627 0.43257377 6
0.48674455 0.6285968 6
0.48733658 0.40273634 6
0.48783585 0.5978275 6
0.48858747 0.51145464 6
0.4893647 0.48532933 6
0.49002877 0.46291947 6
0.49030152 0.5632004 6
0.49097064 0.6136789 6
0.49163994 0.5394995 6
0.4919899 0.39991203 6
0.49296284 0.42080212 6
0.4934157 0.63982624 6
0.4943834 0.43107942 6
0.49488282 0.6467134 6
0.4956857 0.37852213 6
0.49596366 0.627997 6
0.49687484 0.44106874 6
0.49724036 0.3722195 6
0.49780658 0.6647486 6
0.49909338 0.611229 6
0.49950007 0.36184224 6
0.49986035 0.5765511 6
0.50009716 0.443029 6
0.5001589 0.6126979 6
0.5009464 0.48145625 6
0.5016311 0.6304265 6
0.5022848 0.5245664 6
0.50302094 0.5277618 6
0.5036695 0.5814932 6
0.50395286 0.62673986 6
0.50488895 0.45725897 6
0.5057593 0.38838774 6
0.5061658 0.6192326 6
0.5063058 0.4614726 6
0.50693834 0.4270522 6
0.5070463 0.48231864 6
0.50760293 0.623907 6
0.5080246 0.5227163 6
0.5083687 0.4663944 6
0.50908387 0.4074921 6
0.5096658 0.47635317 6
0.51066434 0.5299135 6
0.51085997 0.44662756 6
0.5113289 0.4664723 6
0.51185346 0.6553117 6
0.5122768 0.5411752 6
0.51232743 0.45871094 6
0.5128065 0.53319186 6
0.5135621 0.58623034 6
0.5144021 0.5759564 6
0.51482886 0.3930317 6
0.51527244 0.5931734 6
0.51553386 0.43261105 6
0.5162187 0.54912627 6
0.51681584 0.39972228 6
0.5172021 0.6200967 6
0.51756305 0.6375356 6
0.5184435 0.35492462 6
0.51878256 0.3638025 6
0.5196377 0.36829054 6
0.5198789 0.65360045 6
0.52121645 0.43735155 6
0.5214796 0.49450538 6
0.52211213 0.48392138 6
0.523868 0.541453 6
0.5242846 0.43252802 6
0.5249441 0.4130865 6
0.5255008 0.38680023 6
0.52661735 0.5596848 6
0.5280578 0.5918451 6
0.5283665 0.3650122 6
0.52884555 0.62865776 6
0.5293195 0.40385285 6
0.5301477 0.52084416 6
0.5312491 0.40490666 6
0.5319491 0.4773765 6
0.53268623 0.5714107 6
0.5331534 0.44542295 6
0.5337876 0.6177637 6
0.53416884 0.58556277 6
0.5345281 0.48572066 6
0.53503245 0.38243076 6
0.53532594 0.4937565 6
0.5358522 0.62677544 6
0.5361457 0.52367187 6
0.5374984 0.54537857 6
0.5380078 0.4963216 6
0.5386673 0.5745553 6
0.53921723 0.46847832 6
0.539681 0.54659843 6
0.540263 0.3903683 6
0.5408145 0.37898296 6
0.5420239 0.5142773 6
0.54261595 0.5654453 6
0.5432333 0.41652584 6
0.5432839 0.3879286 6
0.54382026 0.41592607 6
0.5447412 0.48526663 6
0.5451174 0.40908977 6
0.54522026 0.4524592 6
0.54551375 0.6311449 6
0.54573977 0.3923489 6
0.54615134 0.61444974 6
0.5474737 0.4690984 6
0.5484217 0.5439724 6
0.5491065 0.42842287 6
0.5501455 0.3834185 6
0.55072236 0.46588778 6
0.55144256 0.46727878 6
0.5519216 0.4020739 6
0.5521122 0.47265634 6
0.55260134 0.45016515 6
0.55403167 0.47742733 6
0.5546086 0.57550067 6
0.5548869 0.46054074 6
0.5556645 0.52565247 6
0.556302 0.5997555 6
0.55708975 0.4018045 6
0.5583666 0.43209937 6
0.559802 0.44964164 6
0.5620824 0.47756794 6
0.56267446 0.50921655 6
0.5637253 0.61117643 6
0.56468844 0.4417515 6
0.5662318 0.46393773 6
0.5665877 0.4005016 6
0.5671898 0.55973566 6
0.5672978 0.55121017 6
0.5676267 0.52005804 6
0.5680534 0.5832146 6
0.5689963 0.51055497 6
0.5693556 0.50037426 6
0.5699696 0.51096326 6
0.5702985 0.49942887 6
0.5714522 0.5887886 6
0.57217747 0.43259072 6
0.5724339 0.5848123 6
0.57325363 0.407814 6
0.5755695 0.51365715 6
0.57620203 0.57824194 6
0.5769121 0.4741913 6
0.57728827 0.4698845 6
0.57778245 0.5687372 6
0.57907957 0.5908268 6
0.5797036 0.47504014 6
0.5800477 0.45346385 6
0.5810716 0.4394558 6
0.5812571 0.566799 6
0.58228093 0.550192 6
0.58297586 0.55263674 6
0.5831412 0.490163 6
0.5835848 0.5025361 6
0.5842021 0.51777756 6
0.5844231 0.4409247 6
0.5849325 0.42580694 6
0.5863375 0.5090861 6
0.5874913 0.5654233 6
0.58755195 0.52056974 6
0.58773243 0.5025514 6
0.5878573 0.47228867 6
0.58996737 0.56990117 6
0.59182954 0.47660053 6
0.59256154 0.42591536 6
0.5930861 0.5124678 6
0.5947189 0.57880956 6
0.594815 0.5086117 6
0.5967041 0.44958574 6
0.5994181 0.46219602 6
0.5996694 0.5616654 6
0.6010964 0.4437948 6
0.603026 0.552037 6
0.6043585 0.4962013 6
0.6056826 0.5416292 6
0.60770494 0.5467747 6
0.60843027 0.45109022 6
0.609697 0.4795316 6
0.6102165 0.5380459 6
0.61284274 0.5323126 6
0.61464417 0.56021684 6
0.6160593 0.47974506 6
0.6163832 0.50955707 6
0.6171709 0.45265064 6
0.61864334 0.45703024 6
0.62103176 0.49574724 6
0.62122744 0.5348658 6
0.6242281 0.54409605 6
0.62623024 0.47969255 6
0.62716305 0.5223029 6
0.62975216 0.4670619 6
0.63138324 0.51887375 6
0.632176 0.46717542 6
0.63652605 0.47989416 6
0.6373036 0.4926027 6
0.639326 0.53652614 6
0.64399487 0.5267588 6
0.647176 0.5215066 6
0.65345067 0.5010621 6
0.6679919 0.50453705 6
0.6860196 0.51630527 6
0.69374484 0.5104262 6
0.6955108 0.5252492 6
0.69708115 0.517903 6
0.7006385 0.4846567 6
0.7065268 0.4995881 6
0.70827085 0.5131811 6
0.7090181 0.4961081 6
0.71142167 0.5092369 6
0.7129971 0.46407327 6
0.7142469 0.48037532 6
0.71637386 0.5198768 6
0.71837604 0.48712182 6
0.7218035 0.51081926 6
0.7229926 0.5540125 6
0.7239456 0.45854494 6
0.7246709 0.5385575 6
0.725155 0.5352284 6
0.7307195 0.5002353 6
0.7311935 0.52349734 6
0.731831 0.48994106 6
0.73312306 0.48688972 6
0.736036 0.4803601 6
0.7390586 0.4422276 6
0.73955286 0.49840382 6
0.7409781 0.46236715 6
0.74198174 0.56020665 6
0.7439535 0.44884536 6
0.7442369 0.5146449 6
0.74472606 0.4858562 6
0.74533325 0.5730965 6
0.7460383 0.44424376 6
0.7478971 0.5376579 6
0.748226 0.47290877 6
0.7492971 0.5475659 6
0.75059927 0.47601095 6
0.7517209 0.52724504 6
0.7552259 0.44273925 6
0.75609624 0.58064103 6
0.7575064 0.53844404 6
0.7579129 0.55081713 6
0.75964344 0.47618207 6
0.76196945 0.51341486 6
0.7630979 0.5834789 6
0.7645906 0.49680108 6
0.76507807 0.59680754 6
0.7658354 0.5310503 6
0.76763684 0.5192516 6
0.76874334 0.5127931 6
0.76974183 0.4985953 6
0.77194643 0.54030603 6
0.7722854 0.4264948 6
0.7729804 0.40680423 6
0.77354205 0.47191593 6
0.77499264 0.5192262 6
0.7760283 0.5998284 6
0.77721065 0.42641178 6
0.77847743 0.47221074 6
0.77881306 0.5988355 6
0.77938825 0.4363028 6
0.7799297 0.40447295 6
0.7807427 0.4946138 6
0.78114414 0.44799823 6
0.7818239 0.47836936 6
0.7821832 0.4272911 6
0.78251374 0.4345391 6
0.78358483 0.41034183 6
0.78409415 0.51896185 6
0.78438264 0.412358 6
0.78524625 0.5154717 6
0.7864607 0.6008568 6
0.78683174 0.6093924 6
0.78708476 0.56132317 6
0.7872433 0.4279671 6
0.78796524 0.55758566 6
0.7886079 0.58250636 6
0.7889638 0.42133412 6
0.78959125 0.5979918 6
0.7903587 0.45399585 6
0.79065216 0.5964924 6
0.7911818 0.44046897 6
0.79172665 0.51785046 6
0.7926746 0.5714107 6
0.79294276 0.5670311 6
0.7936326 0.6210065 6
0.7940594 0.49976942 6
0.7943427 0.4820611 6
0.79476947 0.39531553 6
0.79570055 0.6194444 6
0.79619986 0.5787062 6
0.79693186 0.3887859 6
0.7981716 0.5219708 6
0.79911953 0.5286987 6
0.7998094 0.49136254 6
0.8000203 0.4908458 6
0.80035925 0.58552045 6
0.801373 0.44354063 6
0.80178624 0.46362767 6
0.802665 0.5147076 6
0.8031289 0.4813529 6
0.8035826 0.4665333 6
0.8038761 0.5630242 6
0.8042303 0.6331102 6
0.8047397 0.6049975 6
0.8059811 0.58287406 6
0.80616665 0.5466086 6
0.8072529 0.40933374 6
0.8073288 0.6342369 6
0.8076695 0.39239463 6
0.8088064 0.4102588 6
0.8088739 0.5676478 6
0.8092652 0.57128197 6
0.8100006 0.39171186 6
0.81035143 0.45229483 6
0.81133485 0.4891651 6
0.811802 0.61236584 6
0.8119471 0.38310337 6
0.81219333 0.46203506 6
0.8131565 0.5923364 6
0.81437093 0.44029954 6
0.8156006 0.58056813 6
0.8159918 0.61097485 6
0.816508 0.44348472 6
0.8168673 0.64805686 6
0.8174694 0.5681849 6
0.81774265 0.42559516 6
0.81832963 0.5748602 6
0.81869566 0.5250374 6
0.8198899 0.58323663 6
0.82042456 0.5754498 6
0.82081085 0.45847374 6
0.82095927 0.3692986 6
0.82121736 0.44524676 6
0.8217672 0.3683939 6
0.8221906 0.56897104 6
0.82255995 0.38110754 6
0.823405 0.49285686 6
0.8238992 0.5608369 6
0.824805 0.6533989 6
0.8254948 0.53376454 6
0.8258339 0.62662125 6
0.82624036 0.40627733 6
0.8268847 0.5472338 6
0.827384 0.4713162 6
0.82780063 0.61424303 6
0.8283252 0.6326443 6
0.8294536 0.51994455 6
0.8304926 0.62580967 6
0.83128035 0.38726106 6
0.8317121 0.3957035 6
0.8322485 0.6231938 6
0.83258754 0.5317128 6
0.83328754 0.5335426 6
0.8339572 0.44291037 6
0.8342709 0.5473744 6
0.834534 0.51053977 6
0.8353993 0.5594985 6
0.83568096 0.43186048 6
0.83612967 0.5355435 6
0.8366913 0.6467235 6
0.83722603 0.42117825 6
0.83774555 0.6350078 6
0.83787876 0.38559052 6
0.83821446 0.6022325 6
0.83862096 0.49054083 6
0.83891445 0.5883177 6
0.8392282 0.37531152 6
0.8399029 0.57193255 6
0.84024185 0.5753414 6
0.84088117 0.4800856 6
0.84176165 0.41492307 6
0.84228617 0.40134537 6
0.84269774 0.62041694 6
0.8429761 0.47710204 6
0.8431447 0.5375037 6
0.8440522 0.41433856 6
0.84463245 0.35004348 6
0.8448905 0.55924433 6
0.8450389 0.55836165 6
0.84517896 0.6546661 6
0.8455652 0.38016725 6
0.8463006 0.5165526 6
0.8465739 0.6501103 6
0.8472637 0.62340045 6
0.8477107 0.53625166 6
0.84885937 0.52693504 6
0.8493384 0.39197108 6
0.8496673 0.3641227 6
0.85065067 0.51682204 6
0.8524875 0.49881893 6
0.85316217 0.44569743 6
0.8538993 0.3687243 6
0.85417086 0.36781445 6
0.85466 0.65387493 6
0.85497373 0.5141485 6
0.855139 0.5967974 6
0.85548484 0.46280086 6
0.8560145 0.57199526 6
0.8568325 0.5591054 6
0.8572812 0.37427804 6
0.85751224 0.61645067 6
0.85857826 0.43165886 6
0.8591332 0.46652824 6
0.8599411 0.36770096 6
0.86041003 0.4940513 6
0.8614862 0.5120747 6
0.8618775 0.58189136 6
0.8625927 0.6122998 6
0.8631797 0.46493053 6
0.8632724 0.37936077 6
0.8635963 0.41527888 6
0.8637464 0.57681876 6
0.86421365 0.5286767 6
0.8649558 0.44588378 6
0.86538756 0.3838116 6
0.8662934 0.5148008 6
0.8672413 0.61009556 6
0.86778104 0.60227823 6
0.86874926 0.5227468 6
0.8691102 0.38441643 6
0.8694087 0.37195182 6
0.8695268 0.47632608 6
0.8699637 0.64179665 6
0.8704427 0.5049606 6
0.8712658 0.4966723 6
0.87170434 0.46922716 6
0.8719051 0.5965551 6
0.8727383 0.44257492 6
0.87311953 0.41113302 6
0.87418556 0.5108142 6
0.8752296 0.5512509 6
0.87555856 0.49790743 6
0.8757964 0.4267625 6
0.876665 0.45611537 6
0.87705636 0.37910154 6
0.87794185 0.3947886 6
0.8785491 0.47013697 6
0.8787447 0.62836295 6
0.8792609 0.41109577 6
0.87967247 0.49606746 6
0.8808869 0.41876394 6
0.8813811 0.5490754 6
0.8819833 0.6090824 6
0.88259554 0.43949816 6
0.88322806 0.39550698 6
0.8838875 0.5795075 6
0.8839854 0.6057989 6
0.8845521 0.60195297 6
0.88550854 0.536826 6
0.88609046 0.3928809 6
0.88627094 0.60562444 6
0.88675 0.5538007 6
0.8875427 0.4755772 6
0.8882629 0.3962321 6
0.8895195 0.55098826 6
0.8912282 0.6114865 6
0.8922217 0.43727362 6
0.89292675 0.5716327 6
0.8935441 0.5480149 6
0.89418334 0.40488127 6
0.89473826 0.58517987 6
0.8954585 0.5251001 6
0.89608264 0.57331336 6
0.8965819 0.48690498 6
0.8974978 0.41625136 6
0.89776593 0.43343276 6
0.89855367 0.43215528 6
0.8991339 0.5181757 6
0.89966017 0.5097282 6
0.9003956 0.5486197 6
0.90095216 0.42268273 6
0.9014042 0.5466662 6
0.902897 0.4676193 6
0.9029847 0.5037102 6
0.90430707 0.40839174 6
0.90468824 0.5768137 6
0.90543044 0.4105011 6
0.90645427 0.5524724 6
0.90742755 0.47200406 6
0.90824556 0.47784242 6
0.90938914 0.50512666 6
0.91058844 0.40674832 6
0.9110253 0.57585305 6
0.9111383 0.50178045 6
0.9118029 0.49184877 6
0.9140057 0.47095022 6
0.9167028 0.46742278 6
0.91775364 0.56150955 6
0.918123 0.41496375 6
0.91912663 0.45746058 6
0.91993624 0.43457466 6
0.92035794 0.44996187 6
0.9210377 0.4919826 6
0.92391527 0.44783726 6
0.9246962 0.5564946 6
0.9248109 0.47992465 6
0.9258651 0.48614594 6
0.9281354 0.48749456 6
0.9298694 0.5609149 6
0.93010724 0.4356658 6
0.932639 0.46088806 6
0.9341267 0.44909948 6
0.9355941 0.5721562 6
0.937237 0.5210661 6
0.93849194 0.48160025 6
0.94003695 0.50105196 6
0.94059694 0.5263759 6
0.9416883 0.44872165 6
0.9419868 0.49668247 6
0.9438709 0.48664236 6
0.9457246 0.49206057 6
0.9463622 0.47090784 6
0.9466354 0.46282628 6
0.94889057 0.49497128 6
0.9521021 0.5537075 6
0.95499986 0.5157987 6
0.9559107 0.45120373 6
0.95688903 0.5052909 6
0.9580326 0.49812597 6
0.95945793 0.47373047 6
0.96139765 0.483508 6
0.961708 0.54800975 6
0.9637 0.5216608 6
0.9657477 0.52105594 6
0.96758115 0.48785713 6
0.9697014 0.5389879 6
0.97365505 0.49298564 6
0.97875065 0.51024497 6
0.9800427 0.5126796 6
0.98133475 0.51430947 6
0.98772234 0.51269484 6
0.99165577 0.4874844 6
0.9957529 0.5140452 6
0.008349285 0.84376985 7
0.0125795845 0.8297414 7
0.016034003 0.8480716 7
0.02074334 0.8482528 7
0.026272431 0.86314356 7
0.030091174 0.8334637 7
0.0316767 0.8482308 7
0.034137614 0.8758928 7
0.036854938 0.8632249 7
0.038713697 0.81656694 7
0.039115142 0.8637789 7
0.040138986 0.8153319 7
0.041169565 0.81323266 7
0.04324255 0.8693733 7
0.04418038 0.8649835 7
0.04670204 0.84719217 7
0.053538326 0.80363643 7
0.055580948 0.84813756 7
0.05579853 0.88643104 7
0.056749847 0.8005394 7
0.05842308 0.8257294 7
0.05918549 0.78539443 7
0.060482573 0.7862433 7
0.061810017 0.80388385 7
0.063086875 0.8501605 7
0.06374133 0.87372077 7
0.064363725 0.78118086 7
0.06612298 0.8187966 7
0.068388246 0.85019106 7
0.07003619 0.88322556 7
0.07197592 0.9159906 7
0.07370143 0.84118944 7
0.07456504 0.83789074 7
0.07670717 0.8731109 7
0.07745271 0.8364219 7
0.0787245 0.90522027 7
0.07912594 0.8697241 7
0.079815805 0.8558837 7
0.08161217 0.90220624 7
0.08250277 0.7990857 7
0.08357384 0.91019964 7
0.08461792 0.8399222 7
0.08501429 0.865707 7
0.085385375 0.8187339 7
0.086147785 0.8897399 7
0.08656441 0.92048883 7
0.087969445 0.8032688 7
0.089138344 0.88449615 7
0.08980796 0.83117986 7
0.09054338 0.82276624 7
0.09202095 0.75742745 8
0.09261299 0.83929193 8
0.0930195 0.7498898 8
0.09470285 0.8836694 8
0.095227405 0.75704455 8
0.09641149 0.8371148 8
0.09660715 0.81891006 8
0.098238215 0.8517057 8
0.09893821 0.746281 8
0.10066879 0.77536446 8
0.10095721 0.8595602 8
0.10223913 0.78824925 8
0.10346875 0.8624964 8
0.103927545 0.89266586 8
0.10501885 0.80101544 8
0.10570873 0.8952869 8
0.10705136 0.82551765 8
0.10844122 0.8126024 8
0.108960725 0.8174988 8
0.10967084 0.77481556 8
0.10989855 0.88112634 8
0.110536136 0.9307102 8
0.11126648 0.94829994 8
0.11243538 0.7889981 8
0.112944774 0.84337676 8
0.11374766 0.91584486 8
0.11451512 0.9443236 8
0.11511727 0.94187367 8
0.11573967 0.9056235 8
0.116316535 0.84576565 8
0.117731705 0.9035091 8
0.11849409 0.89917517 8
0.11950276 0.9436679 8
0.11997673 0.7928712 8
0.120222986 0.72550106 8
0.12119117 0.96465456 8
0.12147454 0.8115316 8
0.12194851 0.81627727 8
0.122282475 0.8837219 8
0.12261139 0.9392204 8
0.12289981 0.7322018 8
0.123431146 0.94831014 8
0.12353908 0.74350923 8
0.12451234 0.7297824 8
0.12566942 0.731353 8
0.12660217 0.8854789 8
0.12679784 0.73181385 8
0.12735783 0.7556553 8
0.12824337 0.8983026 8
0.12833108 0.9340767 8
0.12840866 0.9378397 8
0.12922671 0.74069166 8
0.12971587 0.77953744 8
0.13011731 0.92980045 8
0.13073465 0.82387257 8
0.13098766 0.71170646 8
0.13158983 0.8991904 8
0.13199632 0.8005495 8
0.13263898 0.84889835 8
0.13284475 0.93102026 8
0.13319558 0.73590374 8
0.133931 0.7147053 8
0.13480641 0.81909645 8
0.1353529 0.7849811 8
0.13546085 0.91855913 8
0.13570206 0.87908304 8
0.1361288 0.96075094 8
0.13775142 0.96692824 8
0.13871792 0.76595974 8
0.13945502 0.9021944 8
0.13966586 0.79314566 8
0.140489 0.915767 8
0.1409056 0.9352542 8
0.14102031 0.82870793 8
0.14130704 0.7334369 8
0.14200872 0.71004105 8
0.14226511 0.8581117 8
0.1427239 0.9607662 8
0.1433716 0.8575797 8
0.14454557 0.9893007 8
0.14497231 0.76726264 8
0.14600796 0.73037034 8
0.14686143 0.7297248 8
0.1470318 0.7221244 8
0.14740288 0.82549226 8
0.14796792 0.83495295 8
0.14880791 0.7161776 8
0.14895634 0.94666666 8
0.14913176 0.9378346 8
0.15021801 0.8710489 8
0.15069704 0.9852583 8
0.151505 0.7887812 8
0.15258111 0.83843297 8
0.1533216 0.8999918 8
0.15420204 0.990729 8
0.15479408 0.93045616 8
0.15524277 0.95812327 8
0.15604058 0.7864906 8
0.15679623 0.6933967 8
0.15685359 0.6997823 8
0.15763117 0.7445952 8
0.15858753 0.713438 8
0.15981378 0.85969913 8
0.16019331 0.9407877 8
0.16026583 0.7884763 8
0.1610839 0.71336514 8
0.16147521 0.75477093 8
0.16204196 0.9063774 8
0.16226798 0.98176813 8
0.16321085 0.7708137 8
0.16415204 0.9860444 8
0.16435781 0.75286317 8
0.16452312 0.79275256 8
0.16493468 0.96403444 8
0.1661643 0.94440144 8
0.16639201 0.78395265 8
0.16691658 0.9116008 8
0.16729745 0.7894488 8
0.16789456 0.9380159 8
0.16798715 0.74049515 8
0.16866674 0.9577048 8
0.16901672 0.7763319 8
0.16966528 0.91889113 8
0.17001526 0.9871457 8
0.17015426 0.9057268 8
0.17064847 0.8104761 8
0.17164195 0.9808431 8
0.17206396 0.9847975 8
0.17242947 0.74722135 8
0.17282586 0.860077 8
0.17317586 0.7275629 8
0.17387584 0.7777009 8
0.17452961 0.8303107 8
0.17481282 0.96010375 8
0.17591947 0.6926326 8
0.1774431 0.97738343 8
0.1782512 0.7188511 8
0.17840049 0.88992625 8
0.17873512 0.87108964 8
0.1791779 0.83188295 8
0.17982644 0.8318457 8
0.18045947 0.947463 8
0.18146847 0.85793036 8
0.182045 0.8700189 8
0.18332674 0.73347926 8
0.18367672 0.9622555 8
0.18389297 0.90226215 8
0.1842944 0.71376836 8
0.18447977 0.7605974 8
0.18482454 0.8563378 8
0.18554005 0.88502985 8
0.18674977 0.83775526 8
0.18761961 0.93301105 8
0.18824252 0.9646071 8
0.1888963 0.8879711 8
0.19048688 0.8144525 8
0.19137225 0.96151006 8
0.19220093 0.77598464 8
0.19311716 0.9063723 8
0.19419818 0.7217771 8
0.19514528 0.9373127 8
0.19656077 0.8672385 8
0.19699831 0.74440885 8
0.19765209 0.7523498 8
0.19824919 0.92731833 8
0.19919123 0.7998718 8
0.19942804 0.90389025 8
0.19981413 0.9656101 8
0.20045239 0.77566946 8
0.2013428 0.8335467 8
0.20167746 0.8957071 8
0.20227455 0.8309105 8
0.20289223 0.7684198 8
0.20322688 0.82955 8
0.20385484 0.7145291 8
0.2048328 0.88832355 8
0.20563586 0.84793603 8
0.20640804 0.75923693 8
0.20687121 0.9588483 8
0.20763817 0.73199004 8
0.20843093 0.72240907 8
0.20911556 0.76127005 8
0.20918253 0.74279594 8
0.20954788 0.8460435 8
0.21017079 0.7846761 8
0.2119157 0.8329165 8
0.21316658 0.77573216 8
0.2144947 0.7498796 8
0.2152205 0.76292366 8
0.21549325 0.7419217 8
0.2156992 0.8562818 8
0.21587934 0.90698737 8
0.21632716 0.8839642 8
0.21669269 0.82729155 8
0.21694484 0.7610159 8
0.21732064 0.8830849 8
0.21776325 0.9064808 8
0.21804121 0.75094867 8
0.21868975 0.8999156 8
0.21901411 0.7321391 8
0.21959063 0.8639653 8
0.22012077 0.9151164 8
0.22095469 0.8660848 8
0.22233427 0.7338774 8
0.22285934 0.7839323 8
0.22326078 0.81315476 8
0.2247176 0.7324492 8
0.2253147 0.8348242 8
0.22559267 0.82346934 8
0.22595297 0.9505431 8
0.22648832 0.871442 8
0.22701323 0.8460706 8
0.22763108 0.7708087 8
0.22806862 0.81857294 8
0.22874281 0.9091645 8
0.22941716 0.83571875 8
0.22989585 0.79847574 8
0.23074529 0.7937454 8
0.23122904 0.8588775 8
0.23156369 0.8800132 8
0.23204237 0.89322495 8
0.23282485 0.8338788 8
0.23354541 0.75585693 8
0.2353008 0.8210144 8
0.23688109 0.9167242 8
0.23760165 0.8051409 8
0.23884223 0.87831724 8
0.24012904 0.86508185 8
0.24081367 0.77715874 8
0.24101439 0.8846521 8
0.24148804 0.903958 8
0.24248658 0.85410476 8
0.24429339 0.87160635 8
0.24505529 0.8550518 8
0.24613108 0.9234826 8
0.2464244 0.8836288 8
0.24683107 0.88487405 8
0.24741788 0.890975 8
0.24770615 0.9124378 8
0.24816427 0.76197314 8
0.25002775 0.92299634 8
0.25075337 0.8500047 8
0.25140208 0.90801746 8
0.2524315 0.8893418 8
0.2530286 0.86816365 8
0.25338888 0.7792579 8
0.25521123 0.79336756 8
0.2561944 0.77447504 8
0.2590357 0.86069703 8
0.25980788 0.88972974 8
0.26116166 0.89181876 8
0.2623867 0.80340946 8
0.26382804 0.8065777 8
0.26502222 0.87417144 8
0.26580977 0.909522 8
0.2663092 0.9013472 8
0.26666427 0.7914548 8
0.26824978 0.83123577 8
0.26978874 0.90282625 8
0.27166253 0.8520835 8
0.27272296 0.9053236 8
0.27438557 0.8087395 8
0.27524513 0.8125601 8
0.27596062 0.869658 8
0.27758208 0.8218564 8
0.28055224 0.88639885 8
0.2816486 0.8657392 8
0.2835325 0.84614176 8
0.28545773 0.8695173 8
0.28908673 0.8057712 8
0.29013672 0.83131367 8
0.2923863 0.844151 8
0.2937915 0.86566633 8
0.29602557 0.8078246 8
0.29898527 0.8174818 8
0.30132747 0.82709503 8
0.30317527 0.8451286 8
0.3061866 0.8361169 8
0.31094298 0.8329063 8
0.3124099 0.85052645 8
0.3141189 0.82626146 8
0.3176192 0.8527087 8
0.31865895 0.8302802 8
0.34689286 0.836205 8
0.3493122 0.83445656 8
0.3514947 0.85151935 8
0.35756353 0.8393529 8
0.3607344 0.8649835 8
0.36191326 0.8241267 8
0.36274195 0.8302226 8
0.36460528 0.87130135 8
0.36590758 0.8722332 8
0.3674673 0.8351868 8
0.36959326 0.8714149 8
0.3713073 0.8143238 8
0.3718221 0.8723569 8
0.37518847 0.811081 8
0.37586805 0.87967265 8
0.37860644 0.832559 8
0.38172588 0.8099238 8
0.38282746 0.8527087 8
0.38501498 0.8692497 8
0.38637397 0.82538384 8
0.38754758 0.84879494 8
0.3887315 0.81786984 8
0.38949844 0.87483394 8
0.39088833 0.86824155 8
0.39386353 0.8957223 8
0.3944812 0.80514604 8
0.3960153 0.9001223 8
0.39723006 0.8291366 8
0.39864558 0.81721926 8
0.40003544 0.81778175 8
0.40072513 0.806986 8
0.40100834 0.8377603 8
0.4045034 0.7741226 8
0.40527558 0.86321473 8
0.4062483 0.8092817 8
0.40725732 0.8039465 8
0.4086831 0.79544646 8
0.41022223 0.9143252 8
0.41082457 0.8604548 8
0.4113444 0.77404636 8
0.4124357 0.82528555 8
0.41355267 0.81429327 8
0.414505 0.90953207 8
0.41523585 0.8577711 8
0.4167389 0.8161383 8
0.4173515 0.8977588 8
0.41786107 0.9186895 8
0.41893688 0.8002852 8
0.42071787 0.813087 8
0.421557 0.8278693 8
0.4220563 0.8479106 8
0.42307034 0.8625692 8
0.42392486 0.88078415 8
0.42494398 0.924572 8
0.4253918 0.80453104 8
0.4263544 0.7685231 8
0.4279502 0.75484204 8
0.42860383 0.7792054 8
0.42907745 0.9112179 8
0.43042615 0.76653236 8
0.43104383 0.8726924 8
0.43237704 0.91913855 8
0.4329947 0.78163666 8
0.43482208 0.7463064 8
0.43605745 0.8603294 8
0.43790543 0.93354815 8
0.4387547 0.8735717 8
0.4389298 0.89917016 8
0.43961948 0.77087134 8
0.440407 0.7643197 8
0.4408754 0.8359153 8
0.44114834 0.8432938 8
0.44154978 0.7721844 8
0.44239902 0.75260395 8
0.44248152 0.94242597 8
0.44323295 0.92176974 8
0.44417498 0.8672268 8
0.44505006 0.77811426 8
0.44570383 0.8238946 8
0.4470215 0.8020896 8
0.4481437 0.8565817 8
0.44939962 0.9154264 8
0.44963643 0.75478613 8
0.45046008 0.7455626 8
0.4513763 0.9335227 8
0.45226687 0.7496306 8
0.45325515 0.8369657 8
0.45379555 0.9129867 8
0.45391396 0.76377755 8
0.4542692 0.8680959 8
0.45455223 0.75929457 8
0.45528832 0.7409289 8
0.45648775 0.8706355 8
0.456915 0.9513818 8
0.45751733 0.77270114 8
0.458557 0.81234825 8
0.45886585 0.90539646 8
0.4595763 0.8123432 8
0.46082702 0.9405657 8
0.4614241 0.8245401 8
0.46203673 0.8043548 8
0.46248978 0.96552706 8
0.46285006 0.7325677 8
0.464106 0.85608023 8
0.46524355 0.7493103 8
0.46598485 0.78209066 8
0.46745703 0.95200694 8
0.46763715 0.7729756 8
0.4685328 0.9521933 8
0.4687541 0.73800796 8
0.46992773 0.8981925 8
0.47050425 0.80390584 8
0.4709676 0.7979082 8
0.47161615 0.8687583 8
0.4720434 0.93614876 8
0.47268164 0.8350004 8
0.47329426 0.77800584 8
0.47347963 0.83223367 8
0.47437528 0.7783108 8
0.47487456 0.7883272 8
0.4751473 0.84959126 8
0.47534296 0.981841 8
0.4764496 0.8419383 8
0.47687182 0.7586372 8
0.47765413 0.9436255 8
0.478555 0.8412979 8
0.47909036 0.8766112 8
0.4793169 0.70116824 9
0.47991398 0.91382873 9
0.48038745 0.9772445 9
0.48047498 0.88957894 9
0.48062932 0.939949 9
0.4808044 0.84815454 9
0.48206034 0.71793115 9
0.482606 0.73883986 9
0.48305905 0.77926296 9
0.48344514 0.80637604 9
0.4844437 0.70076495 9
0.48471138 0.72954863 9
0.4850666 0.8596009 9
0.48537543 0.7732128 9
0.48615268 0.89087677 9
0.48671368 0.73289984 9
0.48824254 0.8995326 9
0.48880875 0.75523514 9
0.48903528 0.70148844 9
0.48968384 0.7380487 9
0.4906412 0.9444794 9
0.4911096 0.6952892 9
0.49128976 0.8366489 9
0.49176338 0.9893889 9
0.49243775 0.84548104 9
0.4931892 0.9289567 9
0.4937195 0.9580351 9
0.494296 0.8120738 9
0.49477977 0.7804879 9
0.49568063 0.698144 9
0.49593803 0.78487265 9
0.49621078 0.8098865 9
0.49686962 0.99138975 9
0.49728152 0.95346063 9
0.49774992 0.9499027 9
0.49798152 0.87163854 9
0.49825948 0.84107596 9
0.49876398 0.8638721 9
0.49907282 0.89583075 9
0.49970078 0.8446695 9
0.5003957 0.8180935 9
0.5012141 0.7740972 9
0.5017959 0.96726537 9
0.5025782 0.78879654 9
0.5035563 0.72181946 9
0.5045078 0.6927868 9
0.5049362 0.82249343 9
0.505255 0.8723976 9
0.50566655 0.72122985 9
0.50608826 0.6957551 9
0.50658244 0.93939155 9
0.5075253 0.7194204 9
0.50848174 0.81581306 9
0.5086521 0.87393427 9
0.5093217 0.78539956 9
0.5098564 0.8541878 9
0.50996435 0.8516701 9
0.5102376 0.8322913 9
0.5104788 0.9506787 9
0.5115347 0.8933741 9
0.5118231 0.902562 9
0.51207614 0.8755777 9
0.5123527 0.68307704 9
0.51309997 0.87731427 9
0.5136144 0.69802034 9
0.51413393 0.94396776 9
0.51462305 0.8050732 9
0.5156638 0.8712353 9
0.5164818 0.82971096 9
0.51700133 0.6909824 9
0.5177688 0.96628267 9
0.5183811 0.73451275 9
0.51868975 0.7546574 9
0.5195399 0.88674104 9
0.52024996 0.8277981 9
0.52051145 0.8473057 9
0.5218085 0.70034146 9
0.52238536 0.9765142 9
0.523642 0.96441567 9
0.5240181 0.919801 9
0.5244246 0.7952296 9
0.52504194 0.8114334 9
0.5256644 0.908131 9
0.52608097 0.8089869 9
0.5264268 0.786228 9
0.52715206 0.808687 9
0.5276007 0.9526541 9
0.5279246 0.9684852 9
0.52834624 0.8784003 9
0.52913904 0.85905874 9
0.52979344 0.71170646 9
0.5309978 0.9839605 9
0.531831 0.80428195 9
0.53237754 0.79145986 9
0.5329645 0.9709978 9
0.53321075 0.9380108 9
0.53397316 0.83784336 9
0.534663 0.71400213 9
0.5353934 0.959504 9
0.53607315 0.91411334 9
0.53675795 0.7205013 9
0.53753555 0.7990247 9
0.53781724 0.7393515 9
0.5388883 0.8788764 9
0.53980416 0.86648804 9
0.54078245 0.74701464 9
0.54174054 0.9427411 9
0.5419969 0.91995513 9
0.54279983 0.92560714 9
0.543208 0.8817312 9
0.54354197 0.9033939 9
0.54411376 0.8812653 9
0.5455036 0.90973884 9
0.546013 0.91037416 9
0.54710937 0.75086224 9
0.54807085 0.9510141 9
0.5489614 0.9461855 9
0.5495332 0.7320561 9
0.5512689 0.80422604 9
0.55186087 0.7488495 9
0.55365723 0.87983364 9
0.5542442 0.7875038 9
0.55500495 0.8206213 9
0.5556442 0.9010626 9
0.5567355 0.7629609 9
0.55705434 0.8620575 9
0.5578622 0.75495726 9
0.55844927 0.84744465 9
0.5591138 0.80877 9
0.5596333 0.91211754 9
0.5599825 0.8339601 9
0.5604969 0.7415541 9
0.56154776 0.7740243 9
0.56235063 0.81951493 9
0.5629022 0.7709171 9
0.5635094 0.7736008 9
0.56532097 0.8048986 9
0.56558913 0.8800031 9
0.56676143 0.8507959 9
0.5672725 0.85847425 9
0.568131 0.91025555 9
0.5688462 0.7518805 9
0.56927466 0.85731536 9
0.56967103 0.9369552 9
0.57011294 0.91113997 9
0.57144713 0.7497085 9
0.57258904 0.88672584 9
0.5731963 0.87481695 9
0.57468903 0.8802216 9
0.5752811 0.79382336 9
0.5758225 0.7469011 9
0.5762745 0.9167039 9
0.5766962 0.89257264 9
0.5772326 0.9026755 9
0.57774705 0.8856449 9
0.57856005 0.77616584 9
0.5791926 0.7803795 9
0.58077306 0.7594911 9
0.5825744 0.787846 9
0.58448046 0.84733117 9
0.586039 0.8461163 9
0.5868368 0.87605375 9
0.58825874 0.88852006 9
0.5904869 0.8816787 9
0.590718 0.774392 9
0.5914129 0.8536761 9
0.5931688 0.7744174 9
0.5944709 0.78787655 9
0.595876 0.83752316 9
0.5967159 0.83615756 9
0.59742606 0.80401427 9
0.59835714 0.88303405 9
0.5994889 0.77290785 9
0.6002513 0.77502906 9
0.60107446 0.8350986 9
0.60149276 0.77756196 9
0.6034629 0.84594524 9
0.6048173 0.8966728 9
0.60660356 0.88199884 9
0.6079411 0.874844 9
0.6099348 0.88015383 9
0.610623 0.85590917 9
0.613089 0.8378806 9
0.6135174 0.7928254 9
0.6141651 0.86067677 9
0.615442 0.8392089 9
0.6162853 0.86766213 9
0.6189571 0.8120128 9
0.62076867 0.8541251 9
0.62250936 0.88456905 9
0.62457895 0.7954312 9
0.6282948 0.8090191 9
0.6307406 0.8242402 9
0.63154346 0.8507908 9
0.633134 0.86214566 9
0.6384877 0.87627566 9
0.6406028 0.828181 9
0.64150864 0.8497624 9
0.6438245 0.8308021 9
0.6459413 0.8609512 9
0.6485962 0.84218234 9
0.6507839 0.86311144 9
0.65412027 0.8297211 9
0.6556636 0.85911465 9
0.6568949 0.84562504 9
0.6587216 0.84313285 9
0.66564566 0.8457386 9
0.68887013 0.8593061 9
0.69240725 0.8399425 9
0.69485635 0.83298934 9
0.6997158 0.8438681 9
0.70146155 0.8372029 9
0.7047962 0.8630758 9
0.7083535 0.8394885 9
0.7105715 0.8104456 9
0.7131252 0.83469033 9
0.71647173 0.84125555 9
0.7176035 0.81094205 9
0.71899337 0.8752625 9
0.72135645 0.85626155 9
0.7224883 0.8479631 9
0.7236521 0.8502588 9
0.72606075 0.8515396 9
0.72894335 0.88456905 9
0.7296333 0.8478225 9
0.7306065 0.7887762 9
0.7314094 0.8124262 9
0.7326862 0.8614001 9
0.73367465 0.88630056 9
0.7363666 0.8387125 9
0.737463 0.8940619 9
0.7392492 0.7893709 9
0.74124634 0.8384753 9
0.74245065 0.9024231 9
0.7434239 0.7782295 9
0.74450004 0.770851 9
0.7462694 0.8628894 9
0.7485347 0.77555084 9
0.7504862 0.8336721 9
0.75153536 0.7694956 9
0.7531411 0.78983676 9
0.75420207 0.8357763 9
0.7546457 0.8934774 9
0.7556695 0.8015881 9
0.7567237 0.8412352 9
0.75732756 0.87430024 9
0.75778973 0.906208 9
0.7590666 0.7870802 9
0.7601883 0.8716436 9
0.76177377 0.93144387 9
0.76248896 0.7760049 9
0.76411664 0.9298834 9
0.76557225 0.7783108 9
0.76584554 0.78972834 9
0.7663448 0.7665697 9
0.76727253 0.79954654 9
0.7679354 0.78827465 9
0.7681159 0.8301921 9
0.7689491 0.888044 9
0.7699122 0.9225609 9
0.7704992 0.8811873 9
0.7722601 0.9157941 9
0.7729601 0.7643824 9
0.77345943 0.8259785 9
0.7736955 0.8124161 9
0.77453554 0.9055049 9
0.7756673 0.7507369 9
0.77668107 0.83596104 9
0.77715504 0.8683025 9
0.7776189 0.8242504 9
0.77818394 0.77941716 9
0.7789463 0.7426045 9
0.77985716 0.84098786 9
0.78031087 0.83857864 9
0.7812116 0.8654494 9
0.7821899 0.8457707 9
0.7825964 0.7622307 9
0.7832542 0.83544934 9
0.7844282 0.94961303 9
0.7852563 0.9385749 9
0.78618914 0.94288176 9
0.78648263 0.8971438 9
0.7872855 0.8322591 9
0.78899413 0.73000944 9
0.7902912 0.8511534 9
0.7910064 0.7910922 9
0.79146016 0.89343166 9
0.7925666 0.7611141 9
0.7931789 0.9095999 9
0.79378104 0.86795694 9
0.7945637 0.9021944 9
0.7952991 0.8264851 9
0.79579836 0.759569 9
0.7980333 0.8345972 9
0.7990268 0.82235795 9
0.7993658 0.9500264 9
0.8004622 0.78100973 9
0.8007708 0.9300275 9
0.80111665 0.84765136 9
0.80162096 0.96315515 9
0.8023108 0.7648212 9
0.80347973 0.9093356 9
0.8042826 0.83615756 9
0.80489993 0.78492516 9
0.80569273 0.84596217 9
0.8059491 0.92813504 9
0.807005 0.943739 9
0.80789053 0.81812906 9
0.8087558 0.9370078 9
0.80940354 0.7828514 9
0.81000566 0.9353271 9
0.81013554 0.77965605 9
0.81049484 0.8156368 9
0.81104636 0.96639115 9
0.8113028 0.7685655 9
0.8120601 0.7403596 9
0.81244636 0.82375395 9
0.81276006 0.8684635 9
0.8140049 0.90160644 9
0.8143608 0.7199676 9
0.8148347 0.8420789 9
0.8155854 0.8534321 9
0.8160037 0.9005865 9
0.8162853 0.75455403 9
0.81689256 0.84228057 9
0.8174593 0.78861696 9
0.8177528 0.9103335 9
0.8185608 0.90928984 9
0.8193535 0.8935299 9
0.8195964 0.8319863 9
0.81999785 0.7693872 9
0.82018846 0.7116641 9
0.8203942 0.7897436 9
0.82097614 0.7173822 9
0.8214754 0.7835596 9
0.8224216 0.96209455 9
0.8234927 0.8064794 9
0.8237609 0.72625494 9
0.8239667 0.8678536 9
0.82442886 0.8276897 9
0.8247375 0.9050288 9
0.8252587 0.710961 9
0.82567024 0.9783356 9
0.82649845 0.8695275 9
0.8267194 0.80195576 9
0.8268847 0.95853156 9
0.82711077 0.7680589 9
0.8275172 0.9408537 9
0.8278529 0.744336 9
0.82823914 0.69552803 9
0.82921576 0.69817454 9
0.82941145 0.79757106 9
0.82992756 0.88294595 9
0.8302464 0.78760713 9
0.8312449 0.8587487 9
0.83163625 0.9216884 9
0.8328709 0.80563736 9
0.8332926 0.8229678 9
0.8339116 0.9060623 9
0.8342506 0.6940744 9
0.83517665 0.68078643 9
0.835573 0.87948626 9
0.8358362 0.7094667 9
0.8360622 0.84779197 9
0.8362022 0.6925343 9
0.83684987 0.707481 9
0.83699495 0.70403326 9
0.8374318 0.8802775 9
0.8387913 0.7329608 9
0.83919275 0.8012272 9
0.83942384 0.72536045 9
0.8401137 0.70012456 9
0.84106 0.7505302 9
0.84183246 0.8512144 9
0.8424144 0.82738477 9
0.84267753 0.87770224 9
0.84300137 0.94060636 9
0.84333533 0.8085735 9
0.84351075 0.96092045 9
0.844931 0.7404121 9
0.8454202 0.8115876 9
0.8456883 0.9824306 9
0.84588903 0.8611986 9
0.8463529 0.84598255 9
0.8466565 0.7333234 9
0.8469601 0.889911 9
0.84705794 0.8602837 9
0.8474071 0.8899873 9
0.8478187 0.79769474 9
0.84860635 0.89270145 9
0.8490651 0.72662264 9
0.8497196 0.87355644 9
0.8504803 0.96993893 9
0.85052246 0.88153976 9
0.85156655 0.94807297 9
0.8522058 0.7314258 9
0.8527101 1.0 9
0.8534051 0.72879976 9
0.854208 0.95988184 9
0.85441375 0.8479834 9
0.8548051 0.855428 9
0.8550311 0.9553429 9
0.85546285 0.9388596 9
0.85607517 0.71082205 9
0.856426 0.77584565 9
0.8567043 0.7727164 9
0.8571007 0.97633976 9
0.85773325 0.76030266 9
0.8581043 0.8991243 9
0.85840285 0.75657016 9
0.8585682 0.9723329 9
0.85929346 0.91018265 9
0.85985345 0.92789274 9
0.86007106 0.9064249 9
0.8602549 0.7885119 9
0.86110497 0.92699814 9
0.86217606 0.9059691 9
0.86295867 0.9317082 9
0.86371434 0.73611045 9
0.86400783 0.8121568 9
0.86456954 0.71415126 9
0.86478543 0.9328298 9
0.8657216 0.8619491 9
0.8672261 0.7335504 9
0.86795646 0.7407527 9
0.8692485 0.8600041 9
0.8696449 0.7252994 9
0.87019473 0.7874106 9
0.8709824 0.8288469 9
0.87136364 0.95895684 9
0.8719405 0.828181 9
0.87225425 0.7521228 9
0.8728362 0.9662522 9
0.8737672 0.92432976 9
0.8743694 0.83235735 9
0.87446725 0.97616357 9
0.8751942 0.7674794 9
0.87606794 0.8879304 9
0.87675273 0.8703865 9
0.8774072 0.84639084 9
0.8785963 0.8640838 9
0.8795021 0.86444134 9
0.879718 0.7185614 9
0.8800469 0.812106 9
0.88058835 0.7593725 9
0.8808616 0.7153203 9
0.8808768 0.7491968 9
0.8824623 0.7462709 9
0.88323486 0.9077735 9
0.8838319 0.9128613 9
0.88476807 0.7810572 9
0.88541573 0.92823327 9
0.88592684 0.9386308 9
0.88721377 0.91537386 9
0.8881651 0.8950751 9
0.8884738 0.8967812 9
0.8890051 0.88185996 9
0.8895853 0.8267477 9
0.8899767 0.7712441 9
0.8912906 0.9269151 9
0.89157736 0.89542747 9
0.8925506 0.73068714 9
0.893426 0.88071126 9
0.8938325 0.8717978 9
0.8943166 0.860138 9
0.89521223 0.7862433 9
0.8955513 0.75228375 9
0.89629847 0.7532393 9
0.8971419 0.9445506 9
0.8978014 0.7347652 9
0.8984508 0.82799464 9
0.8988404 0.90662646 9
0.8992992 0.8533864 9
0.9023774 0.9127834 9
0.9030572 0.9294328 9
0.90396297 0.75670403 9
0.90462756 0.84337175 9
0.90499693 0.9037988 9
0.9069384 0.749351 9
0.90762824 0.85316443 9
0.9089 0.74954754 9
0.9098361 0.81034225 9
0.91003686 0.74773806 9
0.910865 0.7623086 9
0.91134405 0.7683266 9
0.91190577 0.867098 9
0.9132231 0.89431095 9
0.91381514 0.7676455 9
0.91512233 0.8206992 9
0.91588473 0.8767366 9
0.91695076 0.923347 9
0.9171565 0.8244266 9
0.91745 0.89294034 9
0.9200392 0.8092614 9
0.9217377 0.80678433 9
0.9224883 0.78496075 9
0.9242391 0.81170785 9
0.9264015 0.9249396 9
0.92738986 0.7775145 9
0.9281 0.7797746 9
0.9290614 0.8555685 9
0.9306942 0.769682 9
0.9313621 0.8457809 9
0.932757 0.8935096 9
0.9340761 0.8205281 9
0.93427175 0.87330735 9
0.93502235 0.79580903 9
0.9356818 0.8425754 9
0.9363464 0.89012283 9
0.93699914 0.83109176 9
0.9374782 0.8672793 9
0.9387449 0.893142 9
0.9398413 0.83574927 9
0.94076735 0.85110086 9
0.94226 0.8906548 9
0.9435015 0.7898673 9
0.9447412 0.84493715 9
0.94495714 0.84803426 9
0.94566214 0.79854864 9
0.9469593 0.86745036 9
0.9475783 0.8773041 9
0.9482361 0.87360215 9
0.94891083 0.8249806 9
0.95180357 0.8122924 9
0.95597315 0.8815702 9
0.9610131 0.8123906 9
0.9625817 0.8373571 9
0.96426 0.8570934 9
0.96527374 0.79930425 9
0.96831656 0.8716538 9
0.9703086 0.8744815 9
0.9719042 0.8428228 9
0.97347456 0.8743375 9
0.97528106 0.8452523 9
0.97679913 0.8246858 9
0.9775868 0.82265776 9
0.981721 0.8666337 9
0.98407227 0.8276067 9
0.9927876 0.83380085 9
0.99925786 0.84551656 9
